101	1	2	0
100	270	6	161	408	89	242	279	128	44	116	234	
12	11	9	
234	116	128	
4211	8812	3871	

101	1	3	0
337	208	21	284	169	110	28	122	321	200	222	151	
2	-99	-102	7	
208	344	270	28	
3767	971	2137	7577	

101	1	11	0
92	464	308	224	87	214	359	306	215	203	197	274	
9	11	-107	3	
215	197	286	308	
1588	1144	1047	10991	

101	1	13	0
400	231	366	398	154	300	444	253	23	338	230	163	
12	7	
163	444	
1519	2858	

101	2	2	0
21	127	417	321	63	358	241	371	193	200	387	66	
6	1	7	11	3	
358	21	241	387	417	
1346	2116	1991	1658	3955	

101	2	8	0
375	97	64	262	449	213	471	207	248	216	113	370	
3	-99	
64	481	
1443	12913	

101	2	10	0
308	291	341	283	108	54	75	395	286	328	357	412	
4	9	1	
283	286	308	
2699	4308	16923	

101	2	11	0
472	342	175	247	278	45	326	384	474	314	424	374	
8	10	
384	314	
1526	44581	

101	3	2	0
302	212	218	274	310	81	373	282	183	175	90	85	
10	8	6	1	5	8	
175	282	81	302	310	282	
1457	2171	2588	2761	2907	35262	

101	3	4	0
78	266	357	456	211	25	392	413	454	475	100	10	
6	
25	
3705	

101	3	6	0
149	107	203	256	288	200	51	425	476	449	403	358	
10	
449	
1353	

101	3	9	0
338	153	192	364	185	334	17	242	115	232	460	161	
7	1	10	6	
17	338	232	334	
4801	10186	2095	7070	

101	3	10	0
448	9	316	172	415	281	98	470	365	438	118	386	
12	2	11	
386	9	118	
1242	1679	20365	

101	3	11	0
33	347	54	174	208	168	311	5	243	154	2	83	
8	10	9	
5	154	243	
1512	1172	1616	

101	4	2	0
1	273	354	66	157	38	390	265	283	211	109	293	
2	11	10	
273	109	211	
1061	2456	5835	

101	4	3	0
363	31	376	234	110	25	46	20	151	30	112	166	
6	-99	12	-201	
25	481	166	44	
1415	6161	6876	36345	

101	4	5	0
426	436	104	380	381	259	373	289	308	159	58	474	
3	-107	
104	290	
7722	6196	

101	4	9	0
156	7	375	140	125	189	143	34	186	365	402	423	
8	5	1	9	
34	125	156	186	
1915	4378	18644	7368	

101	6	2	0
373	23	201	236	424	425	74	331	203	2	139	164	
9	10	12	5	7	
203	2	164	424	74	
1200	6321	6897	3150	26034	

101	6	6	0
296	384	81	143	55	71	61	397	209	460	391	229	
12	11	6	1	10	
229	391	71	296	460	
1283	1013	2858	6737	7424	

101	6	11	0
8	67	210	347	191	327	95	437	394	300	237	12	
7	9	10	12	
95	394	300	12	
1533	3101	1394	818	

101	6	12	0
344	380	122	100	289	141	307	117	212	451	455	254	
1	11	
344	455	
2123	14876	

101	7	2	0
206	241	204	91	94	172	15	104	352	339	286	240	
9	5	7	8	2	
352	94	15	104	241	
1360	1984	1748	2317	1783	

101	7	6	0
478	20	468	276	233	34	470	453	187	2	456	424	
10	2	12	6	11	
2	20	424	34	456	
1075	1443	770	964	617	

101	8	2	0
142	265	261	30	75	303	144	110	19	462	108	59	
11	12	4	6	1	
108	59	30	303	142	
1026	1734	2810	1464	6168	

101	8	5	0
288	397	374	67	423	115	100	442	330	160	376	460	
12	11	
460	376	
1443	1186	

101	8	7	0
162	137	245	479	394	156	118	441	85	221	417	283	
1	12	7	
162	283	118	
1325	3615	2588	

101	8	11	0
456	411	270	112	196	240	416	239	223	101	175	311	
2	9	8	
411	223	239	
978	3073	5391	

101	9	2	0
30	69	20	66	53	15	124	215	51	305	128	317	
4	8	10	5	-110	2	
66	215	305	53	338	69	
1228	1644	2477	2671	2435	3857	

101	9	3	0
259	2	323	142	41	143	22	13	248	391	157	90	
8	-110	2	
13	305	2	
2574	5689	17298	

101	9	4	0
174	269	25	374	351	84	241	466	289	186	319	150	
10	2	7	11	12	
186	269	241	319	150	
860	1158	5627	20275	985	

101	9	8	0
278	91	184	152	236	343	311	240	153	287	302	377	
11	5	12	-107	
302	236	377	166	
895	1339	8916	5252	

101	9	10	0
310	229	463	99	254	105	428	336	213	362	398	460	
12	2	4	10	11	
460	229	99	362	398	
1006	3816	5384	3413	1512	

101	10	2	0
364	157	68	184	247	35	291	250	376	102	452	158	
6	12	10	4	
35	158	102	184	
811	2851	4961	14439	

101	10	3	0
461	36	441	4	148	415	199	42	65	185	224	82	
2	9	4	8	
36	65	4	42	
1311	1096	1713	1720	

101	10	8	0
466	264	449	433	111	75	48	279	132	208	155	146	
2	10	11	
264	208	155	
1144	3268	881	

141	1	2	0
142	403	226	280	338	177	319	203	135	75	150	66	
4	2	12	
280	403	66	
16562	8194	3698	

141	1	5	0
337	477	383	50	64	125	123	171	427	103	117	191	
12	10	7	9	1	
191	103	123	427	337	
1366	3004	5835	1554	24785	

141	1	13	0
400	201	26	470	462	107	13	395	136	330	36	329	
10	11	9	6	
330	36	136	107	
1942	1602	1838	11650	

141	2	2	0
14	236	142	415	59	179	57	267	185	327	84	223	
11	10	2	
84	327	236	
1519	7604	6626	

141	2	3	0
170	459	319	228	26	121	285	172	365	91	309	130	
11	1	3	6	2	
309	170	319	121	459	
3857	4114	3892	3344	11226	

141	2	4	0
396	81	134	299	132	248	432	279	385	390	24	433	
12	1	4	11	
433	396	299	24	
2768	3982	9901	13981	

141	3	2	0
40	173	464	372	24	272	98	259	155	148	342	84	
12	10	11	3	1	
84	148	342	464	40	
1935	1054	1616	1616	1554	

141	3	3	0
266	196	368	140	263	105	167	359	12	37	385	171	
12	6	11	
171	105	385	
34305	15244	3323	

141	3	4	0
122	430	210	180	119	217	28	277	320	322	159	280	
12	8	2	
280	277	430	
1637	11247	12580	

141	3	6	0
265	22	391	21	243	275	282	121	124	101	288	287	
7	9	1	8	
282	124	265	121	
1769	1401	1360	4662	

141	3	8	0
221	230	94	390	92	181	66	146	404	178	202	403	
3	-407	9	12	5	-107	10	
94	28	404	403	92	240	178	
2012	1859	6924	6862	3115	9381	3393	

141	3	14	0
456	303	86	289	169	245	16	354	274	158	364	395	
6	
245	
44179	

141	4	2	0
8	152	229	253	214	32	313	167	93	421	335	447	
1	12	11	7	3	
8	447	335	313	229	
1311	2380	2726	3989	5870	

141	4	4	0
443	352	266	71	50	363	183	132	215	327	112	279	
10	7	9	
327	183	215	
1554	2976	9936	

141	4	7	0
24	64	459	7	160	80	477	106	369	114	468	40	
12	1	3	2	9	10	4	
40	24	459	64	369	114	7	
1686	1505	1575	1977	3871	2768	9839	

141	5	2	0
260	392	45	115	1	9	178	310	67	254	321	89	
1	2	12	4	3	
260	392	89	115	45	
1762	1977	21364	4149	23765	

141	5	8	0
432	250	155	169	379	192	195	94	75	240	287	121	
1	9	12	11	8	2	4	
432	75	121	287	94	250	169	
1248	1325	1484	2671	1415	7681	3066	

141	5	14	0
114	180	19	54	255	326	284	197	70	419	52	130	
1	11	12	5	6	9	
114	52	130	255	326	70	
1783	1248	1928	1443	1727	4947	

141	6	2	0
32	131	151	247	164	277	437	3	47	185	11	129	
10	12	3	11	7	9	
185	129	151	11	437	47	
1401	1533	1477	3746	4746	5190	

141	6	6	0
259	278	94	350	427	361	455	370	379	332	100	64	
12	3	11	10	2	-201	
64	94	100	332	278	255	
1727	1533	1498	4531	14904	27796	

141	7	2	0
49	41	260	167	417	444	200	311	94	348	461	113	
4	3	9	7	-99	
167	260	94	200	448	
1672	971	1297	1360	7285	

141	7	7	0
107	47	324	437	61	131	257	127	44	178	138	128	
9	6	11	12	2	3	4	1	
44	131	138	128	47	324	437	107	
1797	1200	1165	1283	9110	1248	2491	3344	

141	7	8	0
271	383	232	365	83	244	242	1	169	415	391	215	
1	12	10	4	2	
271	215	415	365	383	
1783	1700	1582	1790	31973	

141	7	10	0
20	35	334	480	96	445	310	212	251	396	243	337	
11	12	10	2	5	6	-106	
243	337	396	35	96	445	195	
1144	1311	5079	3101	8409	1387	6911	

141	7	14	0
161	397	340	27	330	240	100	95	99	285	10	440	
8	12	5	2	6	-708	
95	440	330	397	240	127	
1415	1498	1727	3462	3517	1797	

141	8	2	0
80	150	48	314	24	302	158	181	172	347	58	155	
11	2	3	4	-108	1	
58	150	48	314	64	80	
2213	1318	1630	15404	10241	1311	

141	8	3	0
439	335	310	87	325	27	219	402	327	309	188	385	
9	6	5	11	12	4	6	-111	
327	27	325	188	385	87	27	58	
1637	1353	1498	1325	1346	7632	9880	11941	

141	8	9	0
211	447	387	358	403	256	252	98	287	52	478	474	
7	2	12	
252	447	474	
2449	5717	22648	

141	8	13	0
8	29	163	444	240	461	20	249	192	95	406	318	
3	4	9	10	
163	444	192	95	
1762	1387	7847	4746	

141	9	2	0
447	175	50	338	138	41	16	379	198	113	156	151	
9	12	10	2	4	
198	151	113	175	338	
1693	1179	1970	27845	2879	

141	9	9	0
318	95	456	218	315	12	21	19	304	312	321	278	
6	7	8	9	2	-103	4	
12	21	19	304	95	462	218	
1602	1332	1353	1325	3719	19747	3393	

141	9	11	0
390	350	233	423	256	392	376	248	47	422	173	330	
10	12	11	7	5	
422	330	173	376	256	
1852	1366	1422	8756	1033	

141	10	2	0
453	165	148	162	260	86	143	5	322	298	182	240	
6	2	4	8	11	
86	165	162	5	182	
1498	4635	9873	28233	8527	

141	10	3	0
255	80	478	57	385	302	439	119	137	273	63	280	
12	9	11	2	10	
280	137	63	80	273	
1269	4808	1588	1311	1443	

141	10	5	0
145	427	193	49	38	312	140	218	25	28	98	83	
10	2	9	3	
28	427	25	193	
1727	2595	8617	6092	

141	10	11	0
125	113	296	281	73	256	375	169	3	468	233	56	
11	12	2	-105	-109	
233	56	113	472	154	
2706	9520	2317	12836	21850	

141	10	12	0
128	194	151	435	138	283	227	437	196	266	152	241	
8	1	2	-1105	
437	128	194	325	
1942	1207	3934	26131	

141	10	15	0
230	297	207	368	100	206	229	99	180	244	475	217	
12	6	7	9	
217	206	229	180	
1415	2532	9068	6154	

181	1	2	0
42	87	152	411	395	246	97	459	169	333	398	339	
10	4	9	1	8	8	
333	411	169	42	459	459	
6640	8513	1623	5204	23466	2157	

181	1	8	0
110	341	381	150	399	287	457	330	323	279	174	473	
-306	9	2	12	11	6	
286	323	341	473	174	287	
5703	2067	1991	1734	2019	12045	

181	1	9	0
207	443	376	175	324	146	26	25	179	415	65	283	
3	7	8	-504	12	6	
376	26	25	103	283	146	
2803	2206	1221	5745	10005	24181	

181	1	14	0
237	9	164	195	54	147	248	437	202	326	101	438	
2	3	1	11	7	6	
9	164	237	101	248	147	
4496	1040	2220	24535	4066	4642	

181	1	15	0
28	52	271	358	212	10	242	53	209	127	71	124	
8	11	6	12	10	
53	71	10	124	127	
3101	707	2685	686	52200	

181	2	2	0
452	480	459	51	52	368	192	88	86	467	451	146	
3	1	7	10	8	9	12	
459	452	192	467	88	86	146	
6786	5606	1637	7924	14002	985	4558	

181	2	5	0
210	106	315	50	195	357	152	387	123	154	46	159	
12	10	11	-110	8	
159	154	46	91	387	
5328	1998	1887	7944	8541	

181	2	12	0
14	99	79	442	286	209	175	407	226	420	37	45	
12	9	7	6	10	11	1	-104	
45	226	175	209	420	37	14	319	
2026	1242	6328	1040	867	1512	9998	1776	

181	2	13	0
256	403	469	385	252	376	437	396	173	158	137	67	
12	2	4	1	
67	403	385	256	
21184	5537	3455	11830	

181	3	2	0
76	87	112	256	20	155	433	106	132	273	287	365	
11	1	8	5	12	
287	76	106	20	365	
4988	9082	8409	3476	7514	

181	3	11	0
181	212	378	35	421	236	252	17	358	41	139	461	
10	-99	1	8	12	6	3	7	
41	376	181	17	461	236	378	252	
2879	1575	2248	5273	7417	2928	2026	4621	

181	4	2	0
65	350	325	173	14	117	278	253	59	172	382	56	
10	-108	1	5	11	7	6	2	4	
172	332	65	14	382	278	117	350	173	
2657	1519	2914	1852	1790	2393	2386	11060	19733	

181	4	6	0
309	216	368	345	330	321	280	338	235	248	359	184	
-111	11	12	9	3	1	-105	
473	359	184	235	368	309	124	
7382	2310	1366	6439	11220	2837	14751	

181	4	7	0
463	193	437	195	204	138	269	126	393	363	300	343	
10	1	12	-101	-102	2	-110	8	5	11	
363	463	343	309	216	193	248	126	204	300	
3504	1679	2268	2109	3434	3538	5308	2199	1498	1769	

181	4	8	0
194	156	209	17	97	344	407	85	36	355	263	171	
10	12	3	5	6	11	
355	171	209	97	344	263	
3594	2574	2865	2178	2407	2442	

181	5	2	0
10	289	105	100	256	92	168	29	85	457	138	382	
4	3	-99	5	2	1	12	
100	105	481	256	289	10	382	
6147	2074	8000	791	15140	1894	1734	

181	5	4	0
349	434	57	229	262	13	245	171	32	26	340	146	
11	8	2	3	10	12	9	
340	171	434	57	26	146	32	
2331	1998	2789	3441	4066	1984	6133	

181	5	6	0
448	83	236	298	88	214	15	380	185	322	300	316	
12	4	7	9	6	2	5	
316	298	15	185	214	83	88	
4975	2914	2657	5023	9089	20046	10588	

181	5	13	0
167	128	401	456	260	422	191	233	238	97	453	62	
-908	12	9	6	7	11	
171	62	238	422	191	453	
3205	2671	5863	2275	33292	8153	

181	5	14	0
275	354	225	292	271	291	196	251	50	232	39	295	
10	8	3	12	4	
232	251	225	295	292	
4024	3240	5613	2824	26291	

181	6	2	0
68	415	26	113	95	152	313	250	448	284	457	137	
10	4	5	12	6	1	
284	113	95	137	152	68	
2976	2664	4739	4732	2470	9603	

181	6	4	0
20	454	7	21	62	125	409	406	67	372	162	37	
2	12	6	10	5	11	1	2	
454	37	125	372	62	162	20	454	
5342	1679	2608	1686	2040	4059	4045	6668	

181	6	11	0
440	248	58	479	109	359	112	252	175	192	376	9	
12	8	10	4	6	
9	252	192	479	359	
3177	7306	8944	2560	2789	

181	6	12	0
28	366	30	299	164	453	268	75	167	118	308	295	
11	6	-99	7	12	1	2	
308	453	251	268	295	28	366	
2810	1637	1484	1595	1672	9228	24854	

181	7	2	0
374	161	9	472	247	20	105	202	62	319	63	311	
10	12	9	2	1	4	6	7	-108	
319	311	62	161	374	472	20	105	408	
6265	1637	1644	5016	4857	3816	2144	2650	4655	

181	7	7	0
358	390	194	124	103	138	379	465	359	433	407	270	
4	1	11	-111	
124	358	407	47	
5856	13912	1769	13835	

181	7	11	0
113	336	253	150	110	293	114	231	300	224	410	219	
6	9	11	
293	300	410	
7362	2602	3122	

181	7	15	0
196	217	267	304	45	197	392	449	115	312	330	264	
12	2	7	9	6	1	
264	217	392	115	197	196	
3386	2810	3205	26152	17277	1013	

181	8	2	0
315	250	257	44	454	455	111	240	375	31	356	49	
12	10	1	4	5	-99	11	9	
49	31	315	44	454	300	356	375	
2824	2671	2733	6196	13225	7396	14522	2171	

181	8	5	0
63	76	300	331	420	429	126	20	239	324	68	108	
12	9	10	3	1	6	8	10	
108	239	324	300	63	429	20	324	
4614	2081	2386	2019	2067	18207	4003	8722	

181	8	14	0
304	26	424	395	10	374	135	62	382	408	194	244	
1	11	8	
304	194	62	
4669	3455	3524	

181	9	2	0
203	40	386	140	240	431	48	50	134	14	313	21	
10	11	6	12	3	-109	
14	313	431	21	386	427	
4107	2622	11199	1866	18311	15022	

181	9	5	0
189	281	270	81	373	298	52	12	36	148	424	188	
8	12	9	10	-106	11	-99	
12	188	36	148	341	424	481	
3920	2345	5086	2477	3802	2414	14737	

181	9	7	0
399	183	101	435	107	334	253	31	218	39	35	94	
12	2	6	8	9	7	4	3	
94	183	334	31	218	253	435	101	
3205	1602	1915	1873	2157	6251	6917	9325	

181	9	11	0
292	248	104	25	186	131	145	232	286	5	54	200	
9	3	10	2	12	
286	104	5	248	200	
4850	11296	2650	5696	11594	

181	9	13	0
138	151	230	45	167	312	362	379	381	259	199	453	
11	9	10	8	3	6	
199	381	259	379	230	312	
2879	1845	2213	2026	19248	14932	

181	10	2	0
430	441	276	375	53	7	467	193	428	109	185	204	
12	5	8	10	11	
204	53	193	109	185	
5585	2477	7410	2643	2948	

181	10	3	0
396	184	236	381	321	452	69	36	122	391	317	66	
8	7	1	12	-109	9	6	-103	4	
36	69	396	66	428	122	452	276	381	
2976	2019	1859	5023	8423	1831	9180	7868	2671	

181	10	12	0
173	10	378	23	183	312	443	18	251	308	385	143	
4	11	3	7	6	9	1	
23	385	378	443	312	251	173	
4135	2643	14023	10255	14120	5433	4683	

201	1	2	0
310	233	363	430	114	12	18	461	65	76	47	143	
2	12	1	3	5	7	-112	
233	143	310	363	114	18	257	
1554	1776	2116	7514	1797	7216	15334	

201	1	5	0
362	199	370	124	15	432	84	240	308	17	440	332	
6	12	2	7	8	9	
432	332	199	84	240	308	
9707	3962	1360	3275	8902	14897	

201	1	6	0
75	220	324	86	230	288	13	128	380	55	261	217	
-99	11	7	4	-105	2	1	
333	261	13	86	15	220	75	
2643	860	8305	3622	3844	11206	2435	

201	2	2	0
30	356	33	450	323	429	284	92	78	151	377	296	
2	4	9	11	8	3	
356	450	78	377	92	33	
1734	895	693	985	1880	2824	

201	2	13	0
411	480	143	174	59	195	300	319	224	208	335	4	
10	2	-106	6	-811	3	7	
208	480	37	195	123	143	300	
4496	1540	5363	4718	17402	3302	5474	

201	2	14	0
332	227	36	471	372	331	201	167	132	414	229	120	
11	2	-105	7	-111	-101	-607	
229	227	59	201	335	411	137	
978	735	10387	14273	1283	16118	7271	

201	2	15	0
255	85	94	453	388	311	240	312	23	72	247	267	
6	2	3	4	11	-106	
311	85	94	453	247	331	
1651	985	999	1096	7202	4905	

201	3	2	0
15	445	458	340	292	476	122	334	320	114	392	102	
2	1	12	5	7	10	3	4	
445	15	102	292	122	114	458	340	
1443	1026	1283	9013	11879	8069	3989	5148	

201	3	4	0
268	471	190	105	347	470	381	177	420	463	67	409	
12	10	2	11	5	
409	463	471	67	347	
1457	1464	2789	645	10345	

201	3	9	0
244	136	405	104	354	359	440	390	318	444	394	431	
1	8	2	10	11	5	6	-106	3	4	
244	390	136	444	394	354	359	480	405	104	
1575	2713	728	888	5641	6036	686	985	6113	14474	

201	3	11	0
350	4	55	368	427	212	377	336	226	34	2	358	
10	11	3	2	1	5	
34	2	55	4	350	427	
1706	1026	915	1151	3649	43617	

201	4	2	0
329	140	191	163	405	427	75	109	456	293	67	308	
4	6	5	2	9	12	-99	-99	1	
163	427	405	140	456	308	481	481	329	
2164	652	770	2130	4537	2040	5537	11247	11504	

201	4	4	0
82	237	177	247	271	209	413	10	357	93	287	119	
-207	8	-106	6	5	
75	10	121	209	271	
8416	3108	2602	1915	29920	

201	4	12	0
29	92	70	48	146	186	261	33	104	282	366	174	
10	7	8	-305	
282	261	33	141	
1630	978	1415	4600	

201	5	2	0
67	265	307	49	369	473	445	103	77	194	264	32	
7	4	2	5	6	12	3	
445	49	265	369	473	32	307	
2137	2407	2289	17860	1887	11143	4211	

201	5	3	0
321	269	377	270	267	212	94	252	282	72	330	96	
4	5	1	2	7	9	
270	267	321	269	94	282	
4572	908	4801	15931	10928	1242	

201	5	4	0
367	168	356	363	350	175	70	57	205	31	106	411	
9	4	7	12	10	
205	363	70	411	31	
2033	4614	13419	1283	2352	

201	5	5	0
156	346	311	174	55	290	130	372	79	161	233	401	
6	9	12	2	-111	
290	79	401	346	106	
3323	12767	13523	5481	3351	

201	6	2	0
170	132	38	11	448	97	120	165	33	2	342	348	
1	12	4	7	11	8	9	3	2	10	
170	348	11	120	342	165	33	38	132	2	
2428	1762	2414	895	4905	1415	1394	1408	2608	20275	

201	6	9	0
426	158	46	111	188	168	145	297	364	76	360	102	
11	-211	12	4	7	9	
360	34	102	111	145	364	
1047	707	2886	4447	9374	12017	

201	6	12	0
123	128	90	3	149	257	281	362	83	93	349	304	
11	7	2	
349	281	128	
1831	7251	8826	

201	7	2	0
340	274	304	193	63	475	410	262	420	279	255	48	
8	9	12	11	2	1	3	
262	420	48	255	274	340	304	
2900	1013	1221	2810	3851	3538	9318	

201	7	3	0
179	342	74	454	116	419	266	124	386	111	207	117	
2	12	1	4	-107	11	
342	117	179	454	410	207	
2220	1186	3746	8000	1054	17464	

201	7	5	0
187	141	53	132	93	441	406	287	397	150	67	383	
11	4	1	2	5	
67	132	187	141	93	
1221	915	4621	985	12559	

201	7	6	0
322	102	353	186	166	446	154	7	344	224	298	106	
11	8	12	3	7	9	10	2	
298	7	106	353	154	344	224	102	
1450	4239	839	3309	7244	6411	742	9887	

201	7	9	0
90	191	155	11	460	253	285	245	115	25	60	135	
10	11	12	3	6	5	4	
25	60	135	155	253	460	11	
1255	735	1061	1089	5100	839	1207	

201	7	12	0
476	143	300	172	306	369	188	121	158	120	263	292	
11	12	9	5	6	3	4	2	
263	292	158	306	369	300	172	143	
1075	957	804	3039	680	2782	700	2317	

201	8	2	0
172	157	160	185	193	69	17	235	13	15	53	416	
9	8	2	7	3	
13	235	157	17	160	
2692	686	1269	9825	20837	

201	8	3	0
36	133	27	200	225	343	450	285	284	211	271	181	
2	-110	11	10	9	
133	15	271	211	284	
1297	860	10075	1124	36074	

201	8	7	0
155	269	154	95	227	122	335	344	102	42	39	425	
1	3	2	9	10	11	12	-99	
155	154	269	102	42	39	425	481	
1346	964	985	1262	992	6911	16167	5426	

201	9	2	0
113	75	267	166	362	435	96	409	146	298	60	81	
8	4	7	9	2	11	
409	166	96	146	75	60	
1873	1353	11504	7251	5592	6959	

201	9	4	0
302	100	318	419	330	354	211	119	120	171	221	286	
12	1	2	11	10	8	3	6	
286	302	100	221	171	119	318	354	
1089	1582	999	589	1290	22988	10977	4558	

201	9	5	0
395	114	178	291	187	200	7	52	239	329	313	44	
11	7	10	5	2	4	
313	7	329	187	114	291	
1956	985	1144	9464	10817	3302	

201	9	6	0
203	195	427	372	117	229	283	264	378	454	429	150	
10	1	2	3	6	8	9	-109	-307	
454	203	195	427	229	264	378	239	102	
2928	3580	3497	6425	2144	3906	1387	1339	7708	

201	9	8	0
151	475	71	317	347	210	412	271	198	188	300	69	
11	11	8	6	12	-205	
300	300	271	210	69	117	
1068	1727	1144	9471	3219	1887	

201	9	12	0
346	397	93	94	307	193	251	141	233	209	326	76	
9	10	3	4	12	-108	
233	209	93	94	76	438	
1110	1436	3934	1366	1346	6126	

201	10	2	0
180	129	65	412	209	86	72	81	448	154	466	38	
11	5	2	6	10	7	
466	209	129	86	154	72	
1817	1471	1436	1720	7271	17090	

201	10	6	0
91	372	135	278	382	421	374	7	161	416	242	234	
8	9	10	3	7	2	-111	-402	
7	161	416	135	374	372	468	129	
1464	943	1137	1415	2664	9672	8992	5564	

201	10	9	0
331	211	190	210	105	399	454	387	475	206	41	115	
4	5	7	8	-105	3	2	10	
210	105	454	387	63	190	211	206	
2706	1318	1151	1290	3622	5724	17111	12233	

201	10	10	0
450	258	268	361	403	173	367	198	182	470	167	334	
12	2	
334	258	
1339	2109	

201	10	13	0
158	401	17	291	296	112	171	404	225	463	99	267	
12	7	3	11	9	5	6	
267	171	17	99	225	296	112	
1755	1214	1887	1269	1339	21197	10026	

201	10	14	0
302	193	452	141	384	260	395	6	218	187	238	464	
10	11	3	2	
187	238	452	193	
1609	1783	1762	3975	

241	1	2	0
425	22	292	85	217	257	154	105	118	91	299	93	
7	12	5	2	8	9	1	
154	93	217	22	105	118	425	
860	1235	1283	3295	16222	3025	7563	

241	1	3	0
186	351	77	153	329	113	62	381	376	357	255	185	
12	8	-99	2	-99	3	4	11	
185	381	218	351	64	77	153	255	
756	478	2345	14064	2393	4399	3816	25264	

241	1	10	0
142	366	430	399	417	209	344	313	215	307	243	69	
10	11	12	8	9	7	4	
307	243	69	313	215	344	399	
922	464	374	1935	929	3393	33729	

241	2	2	0
158	410	420	122	116	16	461	351	143	182	427	290	
12	10	8	5	10	-104	6	9	2	
290	182	351	116	182	384	16	143	410	
929	492	700	3517	2005	374	7736	2303	5641	

241	2	7	0
183	104	154	230	403	312	210	339	277	374	388	313	
8	3	5	11	9	7	12	4	6	10	
339	154	403	388	277	210	313	230	312	374	
1179	645	534	707	2997	846	4170	5294	4426	32868	

241	2	10	0
401	222	319	117	203	220	335	123	146	114	160	202	
9	5	7	6	4	1	12	11	
146	203	335	220	117	401	202	160	
1353	1013	693	666	673	471	1658	25458	

241	2	12	0
354	272	144	126	292	291	233	188	20	70	469	288	
-99	12	10	1	
39	288	70	354	
1706	3400	950	9977	

241	2	13	0
453	212	437	303	15	229	32	39	89	101	254	216	
6	5	9	11	7	
229	15	89	254	32	
714	645	624	3962	4489	

241	3	2	0
172	460	232	396	334	162	287	190	393	424	155	238	
10	8	4	-99	5	
424	190	396	481	334	
1311	929	2317	1346	17000	

241	4	2	0
85	273	299	459	335	99	309	328	133	442	191	120	
2	8	7	12	1	11	9	
273	328	309	120	85	191	133	
721	555	582	589	2012	5405	3746	

241	4	5	0
178	164	23	27	138	470	240	452	215	96	221	418	
11	12	6	7	
221	418	470	240	
1110	562	666	1797	

241	4	9	0
216	306	480	149	345	179	450	111	208	81	467	172	
9	5	6	7	8	
208	345	179	450	111	
2317	2615	874	638	589	

241	4	11	0
355	373	173	170	110	155	387	327	370	95	187	259	
11	10	-99	1	
187	95	479	355	
1797	1013	1200	3698	

241	5	2	0
281	77	273	356	405	261	409	47	132	55	396	335	
9	12	3	4	7	8	6	
132	335	273	356	409	47	261	
680	513	423	610	423	686	3906	

241	5	11	0
369	298	358	418	206	17	117	239	350	97	464	137	
12	9	6	5	7	
137	350	17	206	117	
1103	2137	1443	568	5745	

241	5	12	0
138	221	388	370	54	80	12	146	308	354	365	333	
6	11	12	-99	8	-101	10	
80	365	333	479	146	369	354	
943	693	707	555	2782	881	1172	

241	6	2	0
204	194	334	292	368	55	379	54	33	63	321	443	
10	9	11	7	3	
63	33	321	379	334	
1124	735	5183	895	11851	

241	6	9	0
44	446	97	18	136	88	297	172	70	117	401	131	
11	10	-112	12	-108	9	7	8	6	
401	117	183	131	67	70	297	172	88	
673	874	1165	2990	895	1360	2310	499	5710	

241	6	15	0
221	323	455	330	441	65	201	72	479	399	107	312	
12	11	-105	4	-104	-107	
312	107	68	330	293	74	
534	478	2463	39682	11553	499	

241	7	2	0
385	49	290	345	166	118	368	443	237	262	227	5	
12	7	2	11	
5	368	49	227	
395	506	2012	2289	

241	7	6	0
178	146	167	168	265	47	14	251	324	17	468	6	
12	7	4	3	
6	14	168	167	
367	2733	3996	3358	

241	7	8	0
291	398	141	258	373	263	456	42	224	341	316	439	
11	12	4	
316	439	258	
624	714	3177	

241	7	10	0
376	288	199	361	259	245	424	346	1	403	323	86	
12	10	2	1	3	4	
86	403	288	376	199	361	
680	603	2865	457	777	444	

241	7	11	0
206	28	252	107	466	437	289	452	355	256	379	257	
10	11	-202	3	
256	379	125	252	
881	7840	15279	8500	

241	7	12	0
165	205	384	63	434	59	463	218	321	254	144	124	
10	11	9	6	8	7	
254	144	321	59	218	463	
582	457	555	478	1214	478	

241	7	14	0
476	152	413	297	311	29	69	314	25	182	431	477	
12	10	-99	7	-202	-99	
477	182	273	69	205	304	
402	402	5328	6460	1040	5030	

241	8	2	0
91	70	31	256	305	71	319	161	170	465	100	252	
9	10	3	4	2	12	11	5	
170	465	31	256	70	252	100	305	
839	451	2407	423	895	3767	5342	1817	

241	8	6	0
361	386	67	260	310	245	110	318	154	302	211	227	
-99	10	1	9	
268	302	361	154	
416	575	3719	1700	

241	8	7	0
360	83	74	102	197	447	250	185	348	192	242	294	
6	8	1	7	-102	
447	185	360	250	386	
2782	1811	10914	686	2824	

241	8	12	0
30	88	109	444	210	48	399	146	93	139	369	304	
12	5	11	1	3	2	
304	210	369	30	109	88	
735	1651	1901	1519	1429	485	

241	9	2	0
319	177	468	472	476	136	11	330	210	344	364	281	
11	8	12	10	6	5	
364	330	281	344	136	476	
374	791	832	3164	5481	6466	

241	9	4	0
448	252	220	45	144	361	221	62	65	390	1	254	
4	2	3	6	5	11	12	
45	252	220	361	144	1	254	
541	520	402	3275	825	2345	1838	

241	9	6	0
39	224	350	51	104	263	185	256	69	94	164	189	
11	8	7	3	10	4	9	
164	256	185	350	94	51	69	
430	499	381	1471	1831	3753	3497	

241	9	7	0
212	385	265	286	348	40	244	452	439	16	71	135	
11	10	9	12	
71	16	439	135	
1519	575	527	3066	

241	9	13	0
134	298	295	38	114	464	352	389	243	461	467	426	
1	2	4	5	-111	11	7	
134	298	38	114	329	467	352	
298	541	492	908	1353	978	4836	

241	10	2	0
50	188	24	14	60	284	429	216	48	246	231	39	
1	9	-99	4	8	
50	48	436	14	216	
964	617	2414	2643	2359	

241	10	6	0
38	198	424	305	56	179	262	266	139	61	255	70	
12	10	7	6	4	
70	61	262	179	305	
478	950	2192	423	624	

241	10	14	0
52	265	230	369	71	375	108	243	426	121	337	445	
12	6	11	7	8	
445	375	337	108	243	
1186	1991	478	1935	506	

261	1	2	0
446	169	274	454	14	113	247	374	463	289	217	116	
5	10	9	12	
14	289	463	116	
1575	10630	922	5502	

261	1	4	0
40	36	91	221	305	258	115	383	324	362	295	99	
4	8	9	3	6	12	
221	383	324	91	258	99	
5009	1498	1519	16243	22287	6480	

261	1	6	0
59	377	202	223	298	440	7	168	429	375	105	100	
3	6	
202	440	
20726	7820	

261	1	8	0
249	129	166	469	465	104	450	181	391	72	132	180	
6	7	2	
104	450	129	
17791	1880	11643	

261	1	11	0
341	5	290	415	460	130	56	159	400	284	409	31	
4	2	3	12	8	-909	
415	5	290	31	159	463	
6473	11088	888	1248	13627	13593	

261	1	12	0
304	42	343	287	399	266	19	17	178	426	271	367	
-99	
481	
104	

261	1	14	0
61	388	350	282	45	317	60	307	327	62	199	136	
5	2	6	8	
45	388	317	307	
1582	853	2400	1297	

261	1	15	0
103	194	354	268	65	280	245	46	155	448	315	43	
12	10	
43	448	
23383	3962	

261	2	2	0
128	85	292	51	298	342	144	281	55	73	33	303	
11	12	3	8	-102	3	
33	303	292	281	352	292	
1075	1110	21801	4274	6682	7535	

261	2	3	0
140	129	74	330	147	52	378	7	261	72	243	411	
7	11	12	1	9	
378	243	411	140	261	
1068	9082	5460	10255	23945	

261	2	8	0
350	321	121	204	149	39	258	240	61	348	141	400	
4	6	12	3	7	
204	39	400	121	258	
1366	16313	13856	1623	6432	

261	2	12	0
16	63	368	236	287	174	84	445	407	467	37	230	
3	5	1	-108	4	6	7	
368	287	16	479	236	174	84	
1901	784	929	13225	10942	9783	10699	

261	3	2	0
284	368	174	449	25	180	335	416	305	242	478	440	
2	5	11	-99	1	
368	25	478	49	284	
3545	2497	4253	23543	23577	

261	3	5	0
172	38	109	274	236	127	7	49	192	79	366	398	
8	9	4	11	
49	192	274	366	
1887	2074	6911	2310	

261	4	2	0
287	8	474	46	2	464	360	303	239	256	246	394	
11	12	7	9	10	
246	394	360	239	256	
1533	777	3649	3767	1706	

261	4	3	0
72	348	80	177	14	18	42	272	124	346	199	312	
9	8	
124	272	
46788	5148	

261	4	6	0
64	376	164	120	150	224	77	65	12	149	105	374	
3	11	10	1	4	6	-99	
164	105	149	64	120	224	481	
1824	950	1200	7833	17888	2095	7736	

261	4	8	0
245	195	397	318	251	255	410	73	249	59	137	168	
11	1	9	
137	245	249	
17957	7868	8042	

261	4	9	0
86	7	129	5	169	262	316	382	475	139	299	174	
10	3	4	5	8	1	
139	129	5	169	382	86	
3767	853	971	818	9977	18020	

261	4	11	0
48	384	296	354	92	288	36	352	260	358	430	223	
10	5	5	3	11	12	
358	92	92	296	430	223	
1415	902	1346	10831	27574	1318	

261	4	14	0
406	201	388	266	179	60	158	144	231	191	434	409	
12	
409	
11844	

261	5	2	0
173	168	423	435	160	472	219	191	275	118	68	353	
3	10	6	1	11	12	
423	118	472	173	68	353	
1498	992	624	5363	11011	1547	

261	5	10	0
260	453	112	411	20	371	403	298	369	192	328	360	
11	1	6	12	9	10	
328	260	371	360	369	192	
2012	791	18471	7015	7382	1089	

261	5	12	0
170	55	276	76	431	75	64	198	339	144	279	156	
1	7	12	10	
170	64	156	144	
5960	9707	3420	2262	

261	6	2	0
82	280	238	447	332	178	279	205	170	392	28	333	
10	11	9	-105	
392	28	170	239	
1200	957	1429	16854	

261	6	3	0
127	184	48	206	134	56	5	432	216	383	6	42	
6	8	7	
56	432	5	
3261	9735	28289	

261	6	10	0
226	129	393	154	87	46	275	253	81	255	207	85	
11	7	5	2	
207	275	87	129	
1466	2128	7114	18604	

261	6	13	0
92	442	464	304	148	175	182	317	163	352	463	49	
3	12	
464	49	
26971	721	

261	6	14	0
450	300	103	215	186	109	45	329	376	17	461	189	
12	5	4	2	
189	186	215	300	
1457	839	943	3087	

261	7	2	0
456	356	108	98	399	226	58	273	116	288	15	114	
6	12	9	7	
226	114	116	58	
1172	1020	9783	2678	

261	7	4	0
405	71	2	278	401	227	338	300	328	115	131	452	
8	-206	2	-99	5	6	
300	226	71	449	401	227	
3483	1748	9221	1200	23126	15369	

261	7	5	0
385	469	257	94	10	310	155	379	295	342	129	89	
12	11	10	2	
89	129	342	469	
1811	1769	6182	6959	

261	7	7	0
52	83	250	353	164	123	121	450	247	229	162	135	
3	10	7	11	-202	
250	229	121	162	469	
1366	2192	1471	1686	5453	

261	7	14	0
323	112	65	265	7	287	97	184	373	315	42	201	
10	5	11	8	
315	7	42	184	
1713	1727	8194	6668	

261	8	2	0
329	57	456	386	217	436	382	87	344	221	351	273	
5	4	6	3	2	
217	386	436	456	57	
1283	645	1026	5093	3795	

261	8	5	0
78	114	215	91	321	154	289	35	65	157	60	121	
5	11	10	12	6	
321	60	157	121	154	
1158	915	853	610	3594	

261	8	6	0
358	378	159	373	372	384	350	209	214	244	376	108	
6	5	-107	
384	372	289	
14731	7153	16625	

261	8	10	0
312	161	46	224	271	74	120	168	144	27	469	178	
2	1	6	12	3	9	4	
161	312	74	178	46	144	224	
992	832	777	7375	21218	13176	3955	

261	8	11	0
3	399	361	188	189	327	208	100	260	333	360	363	
5	12	11	2	7	
189	363	360	399	208	
1297	1318	721	2421	3115	

261	8	14	0
41	92	129	77	75	337	203	448	335	71	411	275	
5	3	8	
75	129	448	
1082	5294	10519	

261	9	2	0
264	40	189	342	425	119	447	186	156	140	177	35	
3	7	11	
189	447	177	
1526	5807	35755	

261	9	8	0
326	190	106	132	318	10	377	124	368	390	110	29	
1	8	6	
326	124	10	
2477	11206	1207	

261	10	2	0
156	370	5	73	43	196	65	173	425	307	221	70	
-107	9	4	
330	425	73	
1970	610	1207	

261	10	3	0
105	25	251	29	306	284	240	293	246	165	46	148	
7	4	9	11	2	6	
240	29	246	46	25	284	
2553	2088	922	16320	5460	2553	

261	10	5	0
136	453	208	191	241	57	45	335	88	116	324	62	
3	5	10	-110	11	
208	241	116	115	324	
3497	3219	17811	6369	25756	

261	10	14	0
454	151	285	212	198	104	389	2	90	286	462	470	
12	5	8	-99	2	10	
470	198	2	317	151	286	
902	5231	1457	22620	4780	5190	

281	1	2	0
122	240	282	19	375	467	293	181	272	325	47	416	
12	8	3	4	-104	9	11	10	
416	181	282	19	348	272	47	325	
1360	6244	9665	1512	7146	6536	10075	10026	

281	1	5	0
360	220	266	56	247	35	390	45	280	364	216	346	
6	7	11	2	12	10	
35	390	216	220	346	364	
1477	645	1228	10991	14585	14953	

281	1	6	0
104	252	354	21	251	117	43	412	186	222	119	381	
8	
412	
22134	

281	1	10	0
1	452	40	86	225	6	101	116	94	167	432	421	
11	2	8	3	6	
432	452	116	40	6	
1880	1158	1047	9027	7278	

281	1	11	0
29	326	77	191	230	365	443	442	307	143	281	221	
12	-99	-105	8	-99	
221	481	225	442	481	
2914	9485	18283	2393	18026	

281	2	2	0
278	444	223	40	25	100	407	330	202	249	376	362	
5	8	4	-108	3	6	12	
25	330	40	380	223	100	362	
3233	1380	686	5433	12316	5786	25833	

281	2	9	0
321	140	328	8	107	352	17	294	314	367	279	349	
12	1	2	-403	
349	321	140	241	
2123	1734	3164	47801	

281	2	10	0
265	34	387	75	316	98	81	480	267	53	454	438	
3	9	2	
387	267	34	
1332	1026	3448	

281	2	15	0
6	225	39	11	221	417	90	369	230	15	9	247	
12	4	10	-99	7	2	3	
247	11	15	481	90	225	39	
2144	4295	673	6883	6536	5176	2990	

281	3	2	0
56	260	25	463	146	368	336	22	275	45	167	327	
10	2	
45	260	
3129	21787	

281	3	7	0
109	478	155	212	360	402	195	239	451	293	23	353	
1	11	-101	10	
109	23	254	293	
1942	888	1450	10047	

281	3	13	0
110	102	384	291	129	415	54	242	389	233	396	51	
10	6	-1010	1	-705	
233	415	227	110	223	
1908	8527	10123	15480	13079	

281	4	2	0
24	2	66	298	293	93	58	84	137	456	214	225	
11	12	5	3	
214	225	293	66	
1047	1006	1075	36629	

281	4	7	0
242	284	364	274	117	442	177	179	38	125	240	398	
10	6	9	5	2	4	11	
125	442	38	117	284	274	240	
2789	4114	3975	2747	1700	14502	15355	

281	4	11	0
3	229	128	427	291	252	320	91	11	425	25	76	
3	11	12	-303	9	8	5	
128	25	76	270	11	91	291	
1082	1353	12392	7091	784	1831	1186	

281	4	13	0
267	292	417	217	470	65	302	387	314	53	309	48	
9	1	4	6	
314	267	217	65	
1700	770	17721	10997	

281	4	14	0
174	39	123	431	345	450	260	350	400	199	297	399	
12	9	-406	7	-1207	
399	400	106	260	58	
2969	12885	5016	22717	11046	

281	5	2	0
422	283	3	265	344	386	163	126	396	121	25	307	
11	-99	1	10	
25	481	422	121	
2185	25840	9811	811	

281	5	13	0
362	173	221	266	182	195	292	199	326	256	324	343	
11	3	12	-305	8	10	7	
324	221	343	117	199	256	292	
1568	693	631	749	5238	4780	3434	

281	5	14	0
104	169	131	424	72	207	317	59	123	467	338	274	
11	5	1	-504	10	
338	72	104	105	467	
2525	7771	15140	825	26096	

281	5	15	0
168	392	419	368	379	85	456	238	144	64	39	189	
4	3	
368	419	
2282	49431	

281	6	2	0
45	63	376	218	312	223	90	109	245	333	147	268	
6	-111	1	12	-101	-108	
223	415	45	268	212	226	
8957	8840	9513	1339	17513	5786	

281	6	13	0
152	299	52	130	92	314	411	464	87	134	122	384	
7	1	4	5	-202	10	8	
411	152	130	92	281	134	464	
992	804	2546	13079	4711	15431	3379	

281	7	2	0
378	284	196	261	240	228	372	229	209	155	8	426	
6	4	-110	12	-99	2	9	
228	261	332	426	452	284	209	
1103	652	8652	1387	5537	562	13308	

281	7	4	0
455	290	390	126	127	137	363	169	89	446	344	129	
1	11	-107	12	10	4	
455	344	221	129	446	126	
1214	728	7986	1741	5814	9159	

281	7	11	0
282	224	427	326	15	408	422	167	225	386	475	94	
7	1	12	10	4	9	-406	
422	282	94	386	326	225	227	
2935	936	1443	770	10220	29593	2157	

281	8	2	0
292	247	190	173	403	132	468	7	464	114	473	172	
2	1	9	12	
247	292	464	172	
3441	17804	19324	14481	

281	8	4	0
366	86	444	6	46	474	409	402	49	452	155	179	
10	12	8	1	5	-99	
452	179	402	366	46	481	
1734	2629	5460	7119	9020	9193	

281	8	9	0
357	451	64	108	22	416	68	380	167	69	282	433	
12	5	6	11	-308	-109	
433	22	416	282	117	208	
1575	2345	2595	22807	6598	14640	

281	8	12	0
216	252	359	241	174	160	148	450	219	153	333	175	
10	2	6	-108	11	4	8	
153	252	160	176	333	241	450	
1547	1998	1436	2837	6869	5405	7008	

281	8	14	0
420	207	270	61	223	463	102	480	289	411	391	342	
10	12	4	1	5	10	
411	342	61	420	223	411	
867	985	950	8271	6189	4732	

281	9	2	0
162	345	123	256	328	407	43	184	268	110	77	179	
1	9	6	2	4	12	3	
162	268	407	345	256	179	123	
4489	860	5752	8042	4628	12004	14231	

281	9	6	0
281	28	198	223	57	230	90	102	376	189	248	75	
12	8	5	1	7	
75	102	57	281	90	
1852	582	6189	14245	14800	

281	9	11	0
272	169	127	354	87	301	148	160	106	143	312	284	
12	1	-107	7	
284	272	134	148	
1734	7951	1200	9700	

281	9	15	0
416	243	417	305	460	213	368	372	238	18	156	302	
12	7	2	3	
302	368	243	417	
1117	693	17097	26735	

281	10	2	0
138	422	468	259	438	117	230	276	70	180	12	457	
2	12	7	9	11	
422	457	230	70	12	
1068	673	582	1068	41500	

281	10	3	0
190	454	203	92	73	182	358	206	8	77	137	245	
7	11	5	-104	8	
358	137	73	259	206	
1811	582	12517	34194	8090	

281	10	9	0
237	192	307	346	277	253	169	310	288	95	370	26	
1	11	2	5	8	10	10	
237	370	192	277	310	95	95	
1935	2650	1464	12552	978	11386	2407	

281	10	10	0
352	273	57	286	116	375	71	33	296	35	309	476	
6	4	
375	286	
1408	22169	

281	10	12	0
6	458	44	347	3	272	317	199	133	69	45	282	
-101	11	6	12	2	
24	45	272	282	458	
3171	742	4753	4995	659	

281	10	13	0
275	340	96	407	244	270	201	214	112	36	329	436	
2	9	-108	10	
340	112	199	36	
1977	2067	12357	1769	

281	10	15	0
402	159	364	398	65	146	162	179	218	355	469	215	
10	1	6	
355	402	146	
1554	673	10061	

301	1	2	0
73	318	217	237	48	215	99	63	409	137	203	330	
12	10	-99	-102	
330	137	333	154	
2858	6917	43582	6133	

301	1	11	0
427	89	480	254	429	311	88	218	310	4	16	468	
12	11	9	7	3	5	
468	16	310	88	480	429	
1394	770	18283	943	5995	18255	

301	2	2	0
152	301	452	360	32	411	379	432	427	270	195	30	
3	10	11	-99	-99	
452	270	195	37	265	
2005	15709	8132	13412	17774	

301	3	2	0
120	362	13	290	445	239	265	112	20	421	143	434	
8	6	12	7	4	10	9	6	8	
112	239	434	265	290	421	20	239	112	
2227	1651	902	3150	4038	2796	10789	5273	18103	

301	3	4	0
252	70	184	385	222	358	62	63	76	284	404	202	
2	12	10	11	9	-310	2	
70	202	284	404	76	319	70	
1269	777	4857	2463	5183	18582	10727	

301	3	6	0
200	335	291	109	417	122	412	352	249	271	126	52	
1	10	6	9	-108	6	
200	271	122	249	68	122	
2033	950	1922	895	19109	3524	

301	3	9	0
172	312	348	418	179	219	181	361	444	405	140	193	
10	9	12	7	11	4	
405	444	193	181	140	418	
1845	957	839	631	15591	3670	

301	4	2	0
182	47	350	377	111	75	146	116	413	45	170	193	
-106	11	8	10	7	
209	170	116	45	146	
2497	1547	749	4308	5620	

301	4	5	0
211	402	140	189	133	19	76	387	38	138	461	301	
11	2	3	10	-99	-109	
461	402	140	138	290	108	
1519	430	1235	1720	12059	15834	

301	4	7	0
173	148	257	435	276	255	163	126	453	172	90	443	
4	11	7	-207	
435	90	163	76	
2019	2081	33653	6702	

301	5	2	0
370	379	66	336	245	116	35	84	257	228	76	225	
-103	
24	
12871	

301	5	9	0
101	175	311	465	210	347	343	156	425	256	119	334	
12	9	11	
334	425	119	
14099	7563	6473	

301	6	2	0
1	443	376	330	76	135	452	252	233	47	322	439	
12	6	7	8	5	2	
439	135	452	252	76	443	
1477	2470	1540	1269	3011	41820	

301	6	3	0
218	138	273	3	357	266	21	75	373	136	475	378	
7	-201	5	-107	9	
21	287	357	452	373	
1665	2484	992	11317	6772	

301	6	5	0
163	318	336	253	113	26	68	207	293	120	111	262	
9	10	8	6	7	5	
293	120	207	26	68	113	
2477	818	1401	1068	1020	9402	

301	6	9	0
234	278	454	187	405	215	23	42	7	90	465	389	
5	9	7	3	2	5	
405	7	23	454	278	405	
1457	1873	1679	12205	1859	12566	

301	7	2	0
203	283	135	417	23	2	372	236	222	263	230	285	
7	1	12	2	11	10	8	
372	203	285	283	230	263	236	
1727	1061	1117	9270	4919	6876	7896	

301	7	3	0
76	35	75	264	330	138	132	148	41	178	249	296	
2	4	-107	3	7	6	-212	
35	264	372	75	132	138	139	
1859	3968	4177	8160	1221	8930	4565	

301	7	9	0
410	471	413	119	408	399	403	348	12	228	447	266	
11	12	10	8	1	3	
447	266	228	348	410	413	
1179	1075	2546	29170	18866	6487	

301	7	11	0
245	208	462	127	309	170	398	44	311	215	361	198	
11	1	12	6	5	-104	
361	245	198	170	309	114	
1901	1401	1054	9853	6328	16444	

301	7	15	0
260	450	123	328	105	358	289	92	120	347	20	159	
3	1	7	8	2	
123	260	289	92	450	
1311	881	2907	1533	11782	

301	8	2	0
20	75	161	380	15	4	279	315	78	96	250	297	
6	2	5	10	11	
4	75	15	96	250	
2213	4988	2331	9200	3573	

301	8	5	0
220	243	228	113	59	117	80	175	324	159	328	267	
12	11	3	4	2	
267	328	228	113	243	
1651	1443	6515	2858	7140	

301	8	7	0
365	377	71	115	124	431	5	102	131	230	443	246	
3	12	10	11	8	2	
71	246	230	443	102	377	
1269	860	1575	3656	4066	42978	

301	8	11	0
294	359	110	470	308	472	181	314	268	192	293	29	
12	11	6	5	
29	293	472	308	
2525	645	707	3080	

301	9	2	0
466	376	382	223	315	234	348	365	54	155	328	363	
12	1	4	9	11	-105	2	10	
363	466	223	54	328	121	376	155	
1783	1172	1346	1582	2268	15681	13322	2615	

301	9	5	0
366	65	112	193	74	477	40	373	361	385	355	475	
12	6	5	7	10	-109	-106	
475	477	74	40	385	394	55	
1491	1512	1706	10200	1665	22169	15369	

301	9	10	0
256	409	319	305	209	4	410	183	51	433	160	202	
8	12	6	11	
183	202	4	160	
1887	3406	4433	23987	

301	9	14	0
253	255	432	36	392	458	224	386	148	414	60	100	
8	9	2	3	12	
386	148	255	432	100	
1103	784	811	1006	5641	

301	10	2	0
44	150	342	64	296	163	405	442	81	14	21	86	
1	8	3	7	-102	11	
44	442	342	405	36	21	
1498	1491	1616	1665	4600	10720	

301	10	3	0
417	443	357	312	16	237	316	120	412	121	415	155	
10	11	3	9	8	
121	415	357	412	120	
2636	3483	5634	1443	23494	

301	10	5	0
408	156	50	223	18	374	113	100	345	138	131	399	
-212	3	8	4	
155	50	100	223	
10713	11511	1457	20372	

301	10	9	0
271	60	15	343	164	381	448	106	209	400	160	275	
5	3	6	10	1	3	7	2	
164	15	381	400	271	15	448	60	
1679	3226	1082	1512	9603	8250	16979	15341	

301	10	12	0
41	87	211	284	263	318	352	84	195	23	96	167	
11	-407	6	7	
96	429	318	352	
2088	14855	26957	6702	

381	1	2	0
308	133	250	39	324	55	102	449	49	230	118	146	
7	5	9	12	4	11	
102	324	49	146	39	118	
1422	2699	4676	2109	12399	1380	

381	1	6	0
148	139	391	24	283	421	94	175	8	425	377	50	
6	11	10	5	9	
421	377	425	283	8	
1360	680	1776	2484	14120	

381	1	7	0
216	254	374	328	110	333	77	341	336	64	120	255	
11	1	12	9	8	6	7	-206	11	
120	216	255	336	341	333	77	154	120	
1283	811	1956	2567	728	10005	957	14314	14564	

381	1	15	0
321	61	29	291	189	353	151	302	252	375	204	232	
5	12	9	1	8	-111	4	
189	232	252	321	302	304	291	
1124	811	874	1443	1477	22578	19345	

381	4	2	0
273	99	5	462	335	341	21	226	138	143	228	363	
-111	12	11	8	4	-99	11	1	2	-112	7	
267	363	228	226	462	481	228	273	99	245	21	
2525	1255	763	3851	4565	3705	4295	6342	1061	1484	17471	

381	4	8	0
157	60	289	186	257	357	160	117	407	26	107	461	
4	11	3	5	9	8	10	1	
186	107	289	257	407	117	26	157	
950	700	3788	610	14564	1651	3164	12538	

381	4	10	0
225	373	148	353	62	376	430	131	215	204	479	46	
11	12	2	9	-208	7	5	12	
479	46	373	215	117	430	62	46	
950	680	818	11830	1144	1137	10324	24403	

381	4	11	0
176	211	221	477	391	316	144	118	195	140	381	331	
11	6	3	1	10	
381	316	221	176	140	
853	1450	3379	19192	26783	

381	5	2	0
42	16	91	475	287	62	249	347	177	271	469	12	
7	11	12	1	2	5	9	
249	469	12	42	16	287	177	
888	825	1124	1797	4655	15868	10657	

381	5	6	0
381	169	8	414	325	189	204	251	402	73	321	182	
12	5	2	6	9	11	10	-99	
182	325	169	189	402	321	73	481	
922	638	3122	7917	756	6397	562	1040	

381	5	8	0
88	302	89	87	48	2	139	5	260	171	46	392	
12	11	10	6	3	4	-99	1	8	
392	46	171	2	89	87	481	88	5	
922	929	1068	999	2359	2831	1713	7604	9408	

381	5	10	0
198	90	13	293	121	1	69	328	297	59	345	219	
12	11	4	9	10	1	6	7	
219	345	293	297	59	198	1	69	
992	895	2782	693	5793	13128	749	1512	

381	5	11	0
269	465	340	319	307	194	173	462	70	113	376	246	
10	11	12	1	8	
113	376	246	269	462	
1977	867	1811	8770	21510	

381	5	13	0
357	233	216	461	226	283	66	263	401	468	138	232	
9	12	3	6	7	4	8	11	
401	232	216	283	66	461	263	138	
1283	971	804	1568	6820	16375	7722	971	

381	6	2	0
192	90	67	294	475	465	248	344	446	96	188	406	
11	12	5	4	-101	
188	406	475	294	148	
1054	784	3219	5731	4558	

381	6	3	0
241	349	78	155	210	319	272	338	109	335	196	436	
9	11	8	12	10	7	
109	196	338	436	335	272	
1075	888	2033	15272	6529	31800	

381	6	5	0
26	363	88	391	140	452	341	431	197	339	63	298	
1	11	8	9	5	
26	63	431	197	140	
950	1165	1075	1137	18151	

381	6	13	0
427	12	69	236	126	274	11	426	19	304	401	33	
9	9	10	11	12	1	3	2	4	
19	19	304	401	33	427	69	12	236	
971	1103	534	575	1020	943	1283	5620	8923	

381	7	2	0
85	390	338	283	261	105	197	236	351	407	17	213	
3	11	12	10	-106	3	-99	
338	17	213	407	220	338	398	
1033	804	846	874	1873	24417	23654	

381	7	9	0
437	257	243	23	245	9	420	309	36	448	270	57	
12	11	5	10	1	-104	8	
57	270	245	448	437	139	309	
860	832	1075	1491	4246	37968	7500	

381	7	15	0
175	223	251	221	135	119	328	214	233	215	361	189	
12	4	8	7	-1403	3	-1012	
189	221	214	328	406	251	252	
1075	3490	1151	1609	7251	4988	29253	

381	8	2	0
317	411	183	293	112	349	191	89	21	205	147	11	
6	12	4	7	9	3	11	11	
349	11	293	191	21	183	147	147	
1311	1915	1769	7056	4475	11032	6841	4350	

381	8	4	0
83	377	99	158	346	134	229	368	466	94	266	124	
11	4	-112	12	7	6	
266	158	318	124	229	134	
2643	1179	9297	6723	895	1158	

381	8	5	0
101	35	249	202	141	313	109	49	119	361	185	358	
12	3	4	11	-312	
358	249	202	185	11	
902	6758	3268	7507	40605	

381	8	9	0
193	428	153	433	360	474	111	221	41	74	128	310	
11	12	8	-109	1	3	4	
128	310	221	69	193	153	433	
659	6439	5322	3386	5079	25215	8250	

381	8	14	0
379	195	370	327	373	457	223	176	378	2	260	279	
3	4	10	9	1	5	
370	327	2	378	379	373	
666	749	624	4413	50771	2137	

381	8	15	0
296	88	319	347	98	271	4	388	188	186	8	258	
10	11	12	2	9	1	
186	8	258	88	188	296	
617	707	811	3073	13940	1214	

381	9	2	0
18	400	3	233	412	338	197	92	166	158	204	202	
12	4	1	6	3	
202	233	18	338	3	
3823	3053	2720	26825	22939	

381	9	5	0
355	190	449	272	24	84	301	285	87	187	360	178	
12	-107	11	10	6	
178	181	360	187	84	
1713	555	3538	15293	34242	

381	9	7	0
29	58	457	382	310	214	172	64	387	57	395	399	
11	-99	12	10	1	4	5	8	
395	307	399	57	29	382	310	64	
1339	811	707	589	2248	11775	6980	5738	

381	9	8	0
4	380	16	151	220	116	91	99	430	188	226	2	
12	11	9	3	5	10	6	-99	
2	226	430	16	220	188	116	17	
874	811	825	4739	784	1928	15355	32286	

381	9	12	0
120	175	227	437	293	242	330	468	53	169	377	302	
10	8	12	9	11	5	4	3	
169	468	302	53	377	293	437	227	
915	770	1387	1068	5537	4135	2102	3240	

381	10	2	0
477	294	427	404	360	218	389	123	124	246	13	37	
12	8	9	10	-102	7	5	4	1	
37	123	124	246	297	389	360	404	477	
1255	700	1013	1006	797	5675	15646	21295	4135	

381	10	6	0
334	66	142	271	102	54	392	126	63	94	158	107	
11	12	5	6	7	1	2	
158	107	102	54	392	334	66	
1131	825	2518	1464	5655	18054	2588	

381	10	7	0
375	377	428	125	312	52	359	188	475	83	97	337	
12	11	6	5	7	9	1	
337	97	52	312	359	475	375	
874	659	1103	846	680	1137	35110	

381	10	8	0
249	44	374	98	320	93	283	453	81	328	23	460	
11	12	7	9	2	10	-102	1	3	-212	
23	460	283	81	44	328	377	249	374	107	
749	1096	1491	3531	9388	19525	4995	2706	2255	7146	

381	10	9	0
253	479	151	284	446	266	282	228	386	289	440	184	
11	12	1	8	10	12	9	-310	
440	184	253	228	289	184	386	94	
700	1040	1290	13308	1859	2012	7840	29524	

381	10	11	0
421	310	145	305	88	410	200	128	51	159	340	412	
1	2	1	2	4	
421	310	421	310	305	
1214	10151	3760	659	8611	

381	10	12	0
175	149	426	48	163	419	33	468	291	274	38	226	
9	11	12	10	
291	38	226	274	
874	999	770	17791	

381	10	14	0
140	148	301	286	324	16	15	135	272	89	169	365	
11	12	5	3	
169	365	324	301	
763	777	929	16111	

421	1	2	0
351	275	366	444	53	186	154	413	43	45	320	357	
7	4	12	2	6	
154	444	357	275	186	
2664	2532	3864	3053	15119	

421	1	7	0
451	135	127	298	306	215	328	412	131	188	330	17	
-112	-99	9	12	7	
402	116	131	17	328	
3240	6272	2622	11358	26631	

421	1	11	0
200	151	12	231	476	160	51	1	438	92	379	5	
3	11	5	-105	-111	4	-99	
12	379	476	52	199	231	481	
2164	1519	3282	13190	9520	10713	6543	

421	2	2	0
426	369	310	131	107	240	289	95	349	80	74	223	
1	12	11	
426	223	74	
2507	1793	2617	

421	2	5	0
81	283	133	430	263	59	421	83	459	423	206	197	
8	7	9	10	1	6	
83	421	459	423	81	59	
1706	1255	2095	1575	2588	3913	

421	2	6	0
116	466	361	312	285	110	345	384	321	319	112	55	
2	1	3	7	4	12	
466	116	361	345	312	55	
2636	1720	2130	2997	10116	1769	

421	2	7	0
68	404	417	4	146	425	15	239	362	265	314	213	
12	11	7	8	5	
213	314	15	239	146	
1873	1672	2393	40355	2380	

421	2	13	0
199	7	179	343	122	479	10	210	383	299	168	166	
7	6	9	8	4	1	-1003	2	
10	479	383	210	343	199	256	7	
1623	1706	1949	2130	1644	1741	1644	10803	

421	2	14	0
29	200	19	328	305	309	281	225	58	164	269	185	
11	12	9	10	4	-608	
269	185	58	164	328	274	
1970	1387	6342	2366	23904	14620	

421	3	2	0
250	428	437	362	386	395	263	208	198	93	290	41	
12	11	1	
41	290	250	
3559	8826	12101	

421	3	6	0
33	8	237	433	426	179	49	127	76	187	273	393	
11	7	10	3	1	4	12	
273	49	187	237	33	433	393	
1450	1831	6862	2164	8923	8173	6355	

421	3	7	0
163	166	406	83	15	120	205	348	129	19	225	199	
10	12	1	2	4	3	
19	199	163	166	83	406	
1533	2359	2116	1887	2053	45282	

421	3	8	0
266	160	288	102	282	74	178	98	31	401	186	410	
11	6	1	-311	2	4	
186	74	266	275	160	102	
2268	2130	14828	16486	4177	9832	

421	3	14	0
383	330	156	171	458	346	71	369	366	465	40	371	
2	11	10	8	12	5	
330	40	465	369	371	458	
1609	2130	2102	2199	28011	13169	

421	4	2	0
453	64	170	48	106	46	92	261	136	16	189	173	
3	11	8	7	10	
170	189	261	92	16	
1561	1443	1602	2532	3566	

421	4	5	0
420	478	218	7	359	26	157	11	56	90	225	82	
8	6	7	9	
11	26	157	56	
1949	4024	8236	5363	

421	4	6	0
187	110	3	105	107	232	323	254	447	142	200	2	
12	8	1	9	
2	254	187	447	
1713	2033	1325	1748	

421	4	10	0
287	299	112	167	266	61	290	162	338	84	220	153	
10	12	11	8	5	3	-603	-406	
84	153	220	162	266	112	199	232	
1040	1526	1769	1776	2359	16854	964	8548	

421	4	11	0
418	6	256	476	206	169	396	414	270	125	253	322	
4	-211	
476	193	
2581	21232	

421	4	13	0
185	433	315	402	177	474	346	70	344	13	264	391	
1	10	11	4	5	12	2	
185	13	264	402	177	391	433	
1186	1013	1484	1068	1748	41417	5398	

421	5	2	0
277	311	94	219	174	95	317	141	343	133	265	411	
12	10	2	11	9	7	
411	133	311	265	343	317	
1748	2414	2678	8048	2192	14231	

421	5	7	0
369	159	263	137	160	276	223	252	384	274	349	124	
7	6	1	11	-99	
223	276	369	349	474	
2567	1915	6557	5627	6300	

421	5	8	0
78	186	129	310	131	176	70	148	27	178	152	54	
12	
54	
2074	

421	5	11	0
455	292	77	236	7	74	220	391	192	208	268	262	
7	6	8	11	2	5	
220	74	391	268	292	7	
3393	3004	6543	3101	3032	19220	

421	6	2	0
205	277	206	357	245	238	180	454	403	459	208	161	
9	6	1	11	5	12	2	1	
403	238	205	208	245	161	277	205	
1575	2255	2012	3642	6904	3941	11469	10817	

421	6	4	0
280	80	149	74	50	154	335	185	262	96	414	156	
6	-99	9	8	4	
154	481	262	185	74	
1491	2157	3177	1582	21135	

421	6	8	0
470	188	132	169	113	182	297	144	105	98	5	412	
1	11	2	10	-107	
470	5	188	98	204	
2574	3975	11247	6987	12531	

421	6	12	0
328	418	65	417	94	71	139	103	466	78	212	307	
11	5	12	2	-108	
212	94	307	418	446	
2109	3177	2761	5141	6591	

421	7	2	0
47	232	436	308	64	427	222	164	307	88	275	125	
11	3	1	2	
275	436	47	232	
1852	1831	3136	1887	

421	7	7	0
11	329	246	144	418	193	191	433	138	461	270	344	
12	-201	11	6	-306	3	
344	9	270	193	91	246	
2366	4440	5953	3455	10311	15077	

421	7	8	0
16	291	324	116	212	211	36	322	252	1	320	127	
5	6	10	4	12	2	
212	211	1	116	127	291	
1575	1693	1963	1880	4975	32716	

421	7	13	0
197	155	240	362	288	142	382	406	239	465	89	124	
2	9	7	-104	-101	
155	239	382	355	327	
1276	1700	4537	2192	26860	

421	8	2	0
155	298	233	332	20	144	353	320	434	380	342	288	
4	7	-110	-99	2	
332	353	147	345	298	
1748	4017	3330	2671	46309	

421	8	5	0
420	310	154	56	21	447	95	257	316	188	68	196	
-301	6	11	3	
155	447	68	154	
1450	2817	2380	6355	

421	8	10	0
223	138	2	345	162	126	392	437	132	228	301	174	
9	12	1	-907	
132	174	223	5	
1276	1769	18727	3504	

421	8	11	0
327	384	343	203	64	184	270	321	255	182	300	368	
3	12	10	1	4	5	
343	368	182	327	203	64	
1616	2692	2997	7445	5030	2012	

421	8	14	0
446	306	328	198	243	136	105	424	119	171	474	258	
6	1	8	
136	446	424	
2178	1706	37295	

421	9	2	0
388	332	119	324	370	32	372	408	302	137	82	142	
1	2	7	6	
388	332	372	32	
1824	1588	2033	2095	

421	9	5	0
195	316	165	331	47	66	113	228	301	88	464	197	
12	5	6	11	8	
197	47	66	464	228	
1464	4593	1151	1089	8604	

421	9	6	0
295	382	90	371	474	154	114	105	436	429	182	345	
2	3	-112	-210	8	4	
382	90	197	15	105	371	
1901	2914	5287	23557	8548	12913	

421	9	9	0
78	326	317	416	237	268	338	313	64	111	350	63	
2	9	1	11	-112	8	5	10	
326	64	78	350	133	313	237	111	
1630	1360	1776	2477	6480	23099	6244	3129	

421	9	11	0
234	353	226	383	361	446	238	419	52	432	281	450	
3	1	10	2	-202	-303	
226	234	432	353	326	380	
1922	2879	15348	6071	11351	9832	

421	9	12	0
18	352	259	471	265	85	342	149	366	227	103	75	
12	9	3	8	
75	366	259	149	
1811	1394	1533	1727	

421	10	2	0
8	422	101	105	150	73	295	50	151	451	78	79	
7	12	
295	79	
16791	4607	

421	10	8	0
134	146	127	429	347	161	226	6	401	257	421	210	
2	9	8	7	1	10	
146	401	6	226	134	257	
4191	2151	2234	5835	4433	13065	

421	10	10	0
367	432	252	355	344	251	366	412	259	239	461	296	
12	10	1	9	
296	239	367	259	
1380	2199	2074	30253	

421	10	11	0
177	272	149	264	81	230	97	377	331	313	404	240	
10	11	-102	6	9	8	4	
313	404	432	230	331	377	264	
1332	1693	9124	6168	23404	12226	2796	

421	10	13	0
10	141	19	242	183	303	197	241	426	106	300	359	
1	12	5	
10	359	183	
1588	1783	2185	

521	1	2	0
48	396	402	476	269	326	322	27	362	410	300	378	
8	6	5	10	1	4	-99	
27	326	269	410	48	476	481	
3198	1575	6258	2574	5655	4426	34312	

521	1	4	0
178	106	107	26	425	82	327	9	171	18	263	34	
12	-206	8	-105	1	11	
34	326	9	127	178	263	
3060	2380	5662	6203	6279	7230	

521	1	8	0
8	374	213	179	278	404	1	384	152	154	240	227	
1	2	3	4	12	6	10	5	
8	374	213	179	227	404	154	278	
881	1207	1235	1387	2352	2511	2477	10644	

521	1	10	0
274	216	464	109	138	287	342	462	323	246	153	72	
10	1	8	-99	11	
246	274	462	481	153	
2685	7257	2352	17166	11754	

521	1	11	0
16	119	15	370	316	304	225	437	440	219	185	140	
3	6	10	12	-99	-211	1	
15	304	219	140	481	244	16	
2442	1172	1360	2033	10720	8631	14640	

521	2	2	0
397	282	285	419	307	475	193	391	56	213	206	233	
9	1	11	-102	2	5	-109	3	
56	397	206	273	282	307	327	285	
2234	4558	1582	5280	3962	4191	1373	15501	

521	2	6	0
113	57	435	353	22	422	77	462	279	171	214	426	
1	2	-104	10	8	-99	
113	57	35	171	462	481	
9492	1207	4836	5335	17527	9714	

521	2	11	0
2	208	222	79	305	479	117	283	401	241	123	405	
1	2	3	6	12	-409	-99	
2	208	222	479	405	109	481	
1679	895	1075	1151	3823	29163	11657	

521	2	15	0
192	218	67	284	219	93	332	400	366	363	394	14	
1	2	11	12	4	1	-99	-307	-99	
192	218	394	14	284	192	154	52	481	
3018	978	1013	992	1436	11115	1561	19539	12184	

521	3	2	0
274	107	187	139	462	150	259	16	180	75	99	117	
9	-107	12	5	
180	254	117	462	
2095	1748	21003	4420	

521	3	5	0
202	113	305	388	451	455	473	115	476	122	32	36	
-102	11	3	7	1	-103	-107	8	7	
129	32	305	473	202	103	257	115	473	
1769	797	888	5863	2955	1783	10137	6008	2539	

521	4	2	0
435	100	367	451	340	156	318	143	185	476	338	430	
5	11	10	1	8	-99	-99	
340	338	476	435	143	42	481	
1797	2380	1519	4080	7604	7833	23772	

521	4	3	0
468	279	140	146	153	297	273	400	345	7	354	460	
6	7	5	-99	8	
297	273	153	311	400	
4829	1228	6237	15848	1568	

521	4	5	0
296	86	249	135	79	111	142	74	316	97	184	333	
2	4	-302	7	-102	8	
86	135	100	142	104	74	
1214	1165	1512	2359	11608	6397	

521	4	8	0
102	353	307	45	29	363	313	214	66	230	130	78	
11	12	9	-99	1	5	-99	11	3	
130	78	66	481	102	29	28	130	307	
929	957	4496	1248	10526	2407	14321	7084	12975	

521	5	2	0
408	23	84	250	439	171	108	463	157	63	109	190	
8	10	-102	7	12	6	1	5	
463	63	437	108	190	171	408	439	
1318	756	3559	12441	5252	8833	5224	17228	

521	5	5	0
9	169	166	344	270	332	313	375	466	100	297	309	
11	12	-99	-99	2	11	-99	
297	309	481	481	169	297	154	
527	1248	2199	19296	11802	13058	11331	

521	5	6	0
78	191	452	177	56	429	287	1	154	363	394	445	
5	9	6	-99	7	
56	154	429	481	287	
305	1824	2227	4836	7542	

521	5	7	0
26	115	326	183	195	33	450	249	155	7	338	237	
8	9	10	-99	-506	-101	5	
249	155	7	303	171	78	195	
104	686	825	853	18901	1158	9068	

521	5	9	0
333	80	129	91	207	447	257	187	465	178	409	122	
8	12	1	2	3	
187	122	333	80	129	
853	1200	4773	17700	33611	

521	5	11	0
28	102	304	230	67	404	272	453	79	278	247	202	
8	9	12	11	1	6	-99	
453	79	202	247	28	404	481	
55	596	763	1033	1415	5551	32383	

521	5	13	0
328	15	320	11	14	106	381	55	227	188	16	8	
11	12	2	5	7	-99	-109	9	-110	-502	
16	8	15	14	381	60	211	227	116	59	
673	645	881	825	1047	1852	13593	3691	5155	8479	

521	6	2	0
174	135	54	279	148	96	183	81	312	5	32	118	
8	9	10	11	12	6	7	1	
81	312	5	32	118	96	183	174	
215	756	1033	1526	2491	15223	5516	29975	

521	6	6	0
122	103	22	371	23	151	132	224	319	25	221	379	
2	3	4	8	-99	9	-411	-102	-103	
103	22	371	224	481	319	32	131	232	
2109	992	1235	3913	7681	3955	7937	5474	17659	

521	6	8	0
156	328	139	280	410	246	90	217	202	366	195	294	
12	9	7	1	-99	-99	6	
294	202	90	156	481	481	246	
1984	881	1137	6480	11976	2622	20122	

521	6	11	0
399	305	329	441	134	6	98	323	272	325	240	242	
2	3	8	12	-804	-101	-99	
305	329	323	242	273	333	481	
90	791	1172	2435	5800	6036	21690	

521	6	12	0
473	3	386	295	203	164	50	347	198	260	28	322	
10	11	-101	4	-509	-704	-503	-99	
260	28	399	295	318	439	335	104	
138	1117	1269	4378	5446	7216	23730	3719	

521	6	15	0
227	416	216	187	286	449	125	31	222	196	310	67	
1	3	4	-99	-203	10	-711	-309	
227	216	187	353	85	196	195	198	
374	936	1262	1047	1214	18373	2109	10671	

521	7	2	0
139	388	58	178	249	475	186	57	105	127	174	129	
7	6	9	1	-109	-99	4	5	12	
186	475	105	139	411	481	178	249	129	
985	1325	1505	3476	10151	14363	14002	4489	1276	

521	7	4	0
40	235	359	368	274	94	285	470	102	353	36	463	
-107	-209	-99	-103	2	-99	-99	9	12	
27	105	481	79	235	154	481	102	463	
2497	1464	2192	1616	9117	8153	617	15161	13523	

521	7	7	0
224	461	371	76	6	302	316	90	303	440	221	395	
11	10	5	12	-104	-99	-99	
221	440	6	395	80	481	238	
97	749	1096	1235	2567	1228	20927	

521	7	15	0
270	229	342	227	479	12	207	296	91	329	410	184	
1	12	11	-99	-109	2	-99	-99	
270	184	410	481	478	229	481	481	
2310	1276	5224	4704	15508	6813	8388	7521	

521	8	2	0
110	309	319	32	193	359	398	180	106	96	252	231	
11	9	-99	3	2	-106	-104	10	
252	106	100	319	309	199	462	96	
617	1561	1915	1457	2844	9256	6460	4898	

521	8	3	0
356	247	40	129	225	13	201	37	337	28	178	415	
12	11	1	2	3	-204	8	9	
415	178	356	247	40	462	37	337	
610	1144	950	1200	1248	8985	17818	3726	

521	8	4	0
118	102	282	184	260	66	100	376	328	145	186	383	
11	12	8	7	9	4	10	-102	
186	383	376	100	328	184	145	247	
159	1276	1360	1498	2782	4655	4211	25680	

521	8	11	0
342	469	97	317	442	372	221	141	438	452	375	286	
8	2	4	11	12	-1001	2	-106	
141	469	317	375	286	53	469	91	
777	818	1054	1429	10394	6258	8812	19220	

521	8	13	0
243	44	412	327	26	152	259	248	169	103	111	214	
1	2	10	3	8	6	
243	44	103	412	248	152	
1845	1339	2026	1422	9068	10345	

521	9	2	0
221	288	268	147	129	41	42	471	133	232	319	173	
12	10	11	5	6	1	-110	12	
173	232	319	129	41	221	25	173	
1179	1207	1304	2525	2831	3032	5516	37143	

521	9	4	0
477	406	360	19	326	309	354	365	47	429	304	178	
6	12	9	11	10	1	3	-211	-107	
309	178	47	304	429	477	360	319	289	
2456	1006	1117	1054	1304	1762	1228	5731	37906	

521	9	14	0
258	269	349	150	168	138	324	410	105	470	276	211	
1	-106	11	3	9	-99	10	3	
258	240	276	349	105	139	470	349	
360	1026	1179	1464	2886	4177	7875	6348	

521	10	2	0
195	37	331	166	32	110	199	68	209	138	202	385	
3	-99	-99	4	2	6	-101	
331	139	250	166	37	110	218	
2775	1179	3504	6584	1193	2081	18124	

521	10	6	0
303	36	394	72	406	351	252	18	83	336	386	305	
9	10	11	12	7	-109	-506	6	
83	336	386	305	252	80	208	351	
388	1151	1242	1394	4864	14404	9055	14210	

521	10	8	0
412	292	395	306	405	435	326	158	372	39	88	349	
5	9	-105	-310	7	-99	
405	372	29	390	326	242	
1235	1269	1228	2123	2449	7799	

521	10	15	0
360	468	163	10	294	437	70	207	404	146	348	285	
4	-102	5	9	12	-111	3	6	-209	
10	319	294	404	285	263	163	437	133	
874	1165	1325	4524	6786	2948	5141	8035	11768	

561	1	2	0
104	221	322	280	258	3	231	291	70	114	417	128	
-99	7	5	9	
230	231	258	70	
7438	3323	19844	20816	

561	1	12	0
366	338	259	378	344	139	428	40	473	184	134	325	
5	6	2	8	
344	139	338	40	
1519	1311	6272	46829	

561	1	13	0
189	177	26	296	255	227	427	283	57	406	178	112	
12	6	-1110	
112	227	114	
1679	26006	29364	

561	1	15	0
102	416	99	233	420	225	240	56	242	165	373	426	
10	12	11	4	
165	426	373	233	
2109	1366	1769	6522	

561	2	2	0
248	220	408	69	249	319	411	37	336	412	124	90	
7	9	11	-99	8	
411	336	124	316	37	
2123	1595	2449	6938	8014	

561	2	3	0
255	307	174	203	405	310	190	45	300	10	145	443	
6	7	8	11	-101	
310	190	45	145	248	
4149	1137	7722	4260	24355	

561	2	12	0
216	280	157	87	91	361	63	241	123	237	74	353	
10	8	11	4	5	6	
237	241	74	87	91	361	
1693	1616	4912	4197	1547	1852	

561	3	2	0
60	301	30	220	452	49	215	395	474	314	433	347	
3	9	7	4	12	
30	474	215	220	347	
4121	2893	1859	21905	5662	

561	3	11	0
339	442	422	367	199	107	386	453	295	283	297	193	
11	9	12	8	6	
297	295	193	453	107	
1242	3420	1124	2151	27109	

561	3	12	0
149	51	268	286	361	296	455	430	306	152	53	223	
6	11	12	1	7	4	5	
296	53	223	149	455	286	361	
1165	1422	2324	9256	6487	7202	1276	

561	4	2	0
318	128	364	470	283	125	267	231	453	105	351	405	
12	2	1	8	11	
405	128	318	231	351	
1276	12357	1616	21191	4857	

561	4	5	0
42	476	360	66	256	313	57	17	353	82	247	297	
1	3	2	9	6	11	
42	360	476	353	313	247	
1977	3434	1887	16680	6244	24667	

561	4	12	0
328	121	172	186	448	355	275	295	221	44	150	289	
8	7	2	9	6	
295	275	121	221	355	
1186	1942	3941	10984	23168	

561	4	15	0
164	227	308	406	480	152	177	226	123	456	350	83	
11	8	5	
350	226	480	
1207	1346	34589	

561	5	2	0
163	417	390	32	261	27	253	433	138	111	178	213	
12	11	5	4	9	-110	-99	
213	178	261	32	138	148	481	
1332	1505	1360	15945	15459	3753	7362	

561	5	8	0
292	370	89	80	295	229	460	149	142	144	430	361	
12	7	3	10	11	1	8	
361	460	89	144	430	292	149	
1262	1297	2768	2608	1776	11886	30135	

561	5	10	0
216	267	331	26	299	157	189	116	196	114	28	39	
12	10	5	1	3	4	
39	114	299	216	331	26	
1026	1602	4100	4426	9762	1665	

561	5	12	0
151	401	274	76	245	375	153	262	373	19	60	400	
10	11	12	3	8	9	7	
19	60	400	274	262	373	153	
888	1311	2331	7306	19747	1748	15216	

561	6	2	0
295	433	93	376	181	315	64	68	199	126	42	285	
11	6	7	-111	9	-112	12	
42	315	64	267	199	289	285	
881	1477	2421	4010	4864	13974	5557	

561	6	4	0
54	44	104	464	311	345	180	191	198	134	429	231	
2	8	3	7	12	-110	
44	191	104	180	231	317	
12628	5974	8222	2636	5981	23911	

561	6	9	0
17	186	75	151	29	113	361	257	194	30	177	313	
5	9	12	2	4	11	-99	
29	194	313	186	151	177	227	
1124	1179	1325	1790	1290	5668	41133	

561	6	11	0
404	218	409	38	25	167	175	103	373	217	316	379	
9	8	6	
373	103	167	
4648	1276	31828	

561	7	2	0
189	126	208	310	181	87	448	107	71	120	85	338	
12	11	2	8	-101	
338	85	126	107	313	
1408	1117	3268	5079	26769	

561	7	6	0
304	10	68	125	272	200	417	351	463	214	341	106	
12	11	4	3	8	11	-99	10	
106	341	125	68	351	341	479	214	
1387	4329	1866	9561	5273	4725	735	16715	

561	7	12	0
143	274	53	220	225	269	333	387	192	330	278	66	
12	8	6	10	7	2	5	
66	387	269	330	333	274	225	
1228	1200	2234	4704	2671	22204	9325	

561	8	2	0
63	67	369	444	335	91	260	112	118	352	245	324	
3	11	1	6	12	4	4	10	9	
369	245	63	91	324	444	444	352	118	
1380	1186	1845	3712	7313	1290	1887	24271	7507	

561	8	10	0
20	18	130	185	329	52	104	172	431	139	406	374	
11	10	7	3	
406	139	104	130	
589	1158	818	3448	

561	8	11	0
121	321	379	108	199	413	156	242	468	236	78	31	
10	11	5	8	1	6	
236	78	199	242	121	413	
1110	874	4191	8819	12344	23619	

561	9	2	0
393	161	150	48	345	85	158	334	239	73	286	454	
11	7	8	10	2	4	9	
286	158	334	73	161	48	239	
1103	1380	1769	1436	3649	2088	18297	

561	9	13	0
165	34	260	468	32	15	332	95	447	69	448	427	
12	7	10	11	5	6	3	
427	332	69	448	32	15	260	
1089	2345	1575	1776	5155	1339	9540	

561	10	2	0
320	173	144	62	248	68	220	252	337	109	71	406	
11	12	5	2	8	1	6	3	10	
71	406	248	173	252	320	68	144	109	
1033	728	4308	1942	1415	6015	16736	12045	13135	

561	10	4	0
476	324	105	116	314	70	256	77	192	169	344	480	
11	6	2	3	12	1	7	
344	70	324	105	480	476	256	
915	922	1200	3288	2782	3087	2775	

561	10	9	0
456	191	235	4	122	297	229	9	113	205	182	243	
12	9	11	1	7	6	-409	10	
243	113	182	456	229	297	463	205	
943	1346	10692	7202	9388	1588	12656	12031	

561	10	10	0
52	218	312	221	281	422	408	380	208	477	350	359	
6	7	1	4	3	7	12	11	
422	408	52	221	312	408	359	350	
652	839	1415	2948	3393	3191	22537	8416	

561	10	12	0
474	403	338	201	10	32	434	80	239	65	3	20	
4	2	3	11	12	5	
201	403	338	3	20	10	
1588	1040	1519	2886	1380	46906	

561	10	14	0
233	302	304	64	451	455	428	298	465	121	475	183	
10	11	12	9	6	7	2	4	3	
121	475	183	465	455	428	302	64	304	
1311	943	1595	1908	4919	3094	5217	6591	11740	

621	1	2	0
433	439	68	191	291	57	416	401	12	393	405	17	
5	7	2	1	8	10	4	12	3	
291	416	439	433	401	393	191	17	68	
1526	603	943	742	770	4059	908	2366	24473	

621	1	8	0
225	20	109	174	115	212	270	375	424	112	153	66	
12	11	6	7	2	3	9	
66	153	212	270	20	109	424	
971	756	749	1276	3857	1332	17145	

621	1	9	0
350	177	259	257	407	417	352	341	220	27	160	238	
11	12	10	6	5	
160	238	27	417	407	
964	1006	1609	1346	13287	

621	1	11	0
53	474	441	102	447	171	344	430	142	391	301	262	
10	11	12	4	2	5	
391	301	262	102	474	447	
1422	804	2227	2567	5426	2747	

621	1	12	0
178	371	236	96	432	235	71	28	84	252	399	221	
11	2	10	
399	371	252	
922	1137	19255	

621	2	2	0
423	437	473	37	446	340	147	31	478	11	130	66	
2	4	1	9	3	10	11	
437	37	423	478	473	11	130	
1380	1221	3365	2595	1117	1033	2893	

621	2	8	0
53	133	68	319	153	9	55	410	131	194	81	111	
12	10	1	-110	9	6	5	3	-101	-111	11	4	
111	194	53	84	131	9	153	68	94	465	81	319	
1061	735	631	777	728	9110	3476	3122	1977	10331	13794	3233	

621	2	13	0
422	205	50	25	335	409	57	139	117	252	136	237	
10	12	4	-112	-1112	7	9	
252	237	25	393	66	57	117	
1977	680	1741	11768	5537	4537	19726	

621	3	2	0
409	362	284	184	356	62	424	151	288	324	448	43	
2	9	-107	7	12	3	10	
362	288	355	424	43	284	324	
5592	693	5384	9929	8146	12697	4302	

621	3	13	0
222	425	190	272	152	470	63	212	148	285	35	406	
4	6	8	9	10	11	-99	
272	470	212	148	285	35	428	
4038	853	680	3115	7105	1026	1582	

621	3	14	0
175	47	310	463	74	193	211	180	233	342	297	227	
9	8	11	
233	180	297	
1477	756	756	

621	4	2	0
78	217	223	219	120	87	227	479	323	453	57	35	
11	12	8	4	6	7	3	1	
57	35	479	219	87	227	223	78	
811	1207	9644	13176	6043	21510	992	4170	

621	4	4	0
310	137	293	106	2	112	335	187	131	139	145	259	
11	10	7	9	8	
145	139	335	131	187	
2255	652	686	15744	1096	

621	4	7	0
361	336	428	107	410	321	47	450	54	316	61	41	
11	12	10	6	4	-312	2	-104	
61	41	316	321	107	259	336	392	
1588	902	832	1131	1880	22065	9922	17222	

621	4	9	0
379	181	303	257	472	476	119	79	439	443	164	228	
12	4	9	5	1	4	10	
228	257	439	472	379	257	443	
1436	784	895	1949	8486	11025	1852	

621	5	2	0
257	29	226	345	204	120	170	230	37	297	319	158	
7	11	3	8	9	2	12	
170	319	226	230	37	29	158	
804	721	784	749	846	936	10588	

621	5	8	0
323	408	461	183	259	305	113	223	365	63	375	421	
7	6	3	12	-99	
113	305	461	421	227	
1477	992	3233	2886	3066	

621	5	9	0
362	193	262	383	307	243	74	168	43	326	40	24	
12	6	9	8	11	10	
24	243	43	168	40	326	
985	936	1790	673	2955	44366	

621	5	11	0
387	342	10	206	44	174	350	292	192	335	56	337	
7	12	8	9	4	-103	3	1	
350	337	292	192	206	222	10	387	
680	888	902	2595	908	24861	5259	4836	

621	5	13	0
78	401	442	163	280	104	347	122	293	162	131	377	
10	12	2	1	8	9	11	5	
162	377	401	78	122	293	131	280	
811	478	2886	20406	9499	11296	1630	3261	

621	5	15	0
310	423	139	45	246	420	185	134	160	415	138	21	
12	7	3	3	8	5	2	-99	
21	185	139	139	134	246	423	384	
2442	860	1103	992	1963	19331	5176	9034	

621	6	2	0
139	240	165	264	76	204	209	269	447	276	137	119	
5	11	2	7	1	3	4	
76	137	240	209	139	165	264	
1137	1054	1706	5141	3580	4794	21114	

621	6	3	0
195	355	9	312	149	86	231	250	256	46	108	156	
6	-99	-107	
86	230	209	
1665	992	18658	

621	6	9	0
154	319	329	311	30	239	471	320	290	164	322	8	
2	1	3	9	10	11	2	7	
319	154	329	290	164	322	319	471	
1040	770	777	1436	742	4385	5453	11587	

621	6	10	0
281	300	61	106	128	27	104	402	445	389	369	10	
9	11	10	8	-106	3	4	6	
445	369	389	402	239	61	106	27	
1700	860	2310	3441	3184	8035	15910	8624	

621	6	11	0
127	148	203	261	376	194	196	100	333	401	350	365	
12	10	9	-204	2	6	
365	401	333	311	148	194	
1172	1228	1033	1720	10186	8319	

621	7	2	0
472	372	157	163	11	411	258	123	197	76	27	456	
10	12	9	3	5	1	11	
76	456	197	157	11	472	27	
1179	853	1110	2962	3212	4218	19033	

621	7	3	0
402	256	153	465	249	447	364	469	337	73	127	65	
12	8	3	10	4	11	9	
65	469	153	73	465	127	337	
1207	832	832	2442	7597	15688	17908	

621	7	4	0
167	270	454	407	109	159	200	352	331	223	62	349	
9	8	6	4	5	10	1	2	9	-102	7	
331	352	159	407	109	223	167	270	331	256	200	
943	846	1471	534	1033	818	2248	964	2643	804	11990	

621	7	5	0
119	423	235	392	71	260	451	316	85	20	280	57	
8	10	-301	7	9	1	
316	20	472	451	85	119	
915	1103	839	8645	11178	11768	

621	7	7	0
206	291	385	383	214	393	17	56	375	332	418	395	
11	6	8	7	5	4	10	2	
418	393	56	17	214	383	332	291	
888	707	804	7674	9048	2185	1248	9936	

621	7	8	0
92	283	441	301	189	396	329	45	2	106	155	216	
8	2	9	10	11	3	7	4	
45	283	2	106	155	441	329	301	
2275	2046	4836	1353	1526	18262	3309	8694	

621	7	12	0
234	140	22	371	326	344	300	268	145	435	429	185	
12	3	-103	4	7	2	11	1	8	
185	22	132	371	300	140	429	234	268	
1006	784	707	2373	1901	1235	17353	8139	24334	

621	8	2	0
109	92	26	438	43	119	117	164	350	64	211	432	
4	10	7	12	3	6	11	1	
438	64	117	432	26	119	211	109	
1179	825	791	2088	2664	3580	3073	8583	

621	8	4	0
213	70	145	173	298	334	39	101	337	20	246	155	
4	8	1	2	5	11	9	6	7	
173	101	213	70	298	246	337	334	39	
1353	929	784	825	839	777	763	49903	1262	

621	8	9	0
288	297	66	265	319	437	270	331	290	90	2	199	
9	8	5	3	2	6	
290	331	319	66	297	437	
1214	867	978	20531	1325	14321	

621	8	11	0
474	250	390	89	327	440	205	194	45	154	144	10	
12	10	5	4	
10	154	327	89	
999	818	1006	4982	

621	9	2	0
100	19	389	114	230	279	275	216	328	427	148	97	
8	9	2	4	12	
216	328	19	114	97	
2033	832	950	3719	1013	

621	9	7	0
360	410	200	58	161	273	475	83	253	24	321	244	
6	7	12	11	-99	10	
273	475	244	321	479	24	
1131	797	784	16673	3316	2026	

621	9	8	0
429	241	437	346	299	221	227	81	60	282	215	258	
10	8	9	3	1	2	7	11	5	
282	81	60	437	429	241	227	215	299	
1110	735	2900	2608	1179	902	33403	4163	5308	

621	9	14	0
397	135	281	436	205	432	51	338	368	142	476	422	
12	2	8	9	4	5	10	
422	135	338	368	436	205	142	
1901	818	6300	707	23404	895	5606	

621	9	15	0
448	151	121	341	252	166	186	266	293	330	329	73	
11	10	1	9	8	5	
329	330	448	293	266	252	
1137	881	2268	10401	499	1873	

621	10	2	0
228	106	127	208	196	383	296	49	40	437	431	248	
11	2	7	8	10	6	9	-99	1	4	
431	106	296	49	437	383	40	481	228	208	
1484	881	749	846	2040	1255	2435	1582	1741	16299	

621	10	5	0
182	61	33	138	404	195	197	252	122	71	164	136	
11	10	1	12	5	
164	71	182	136	404	
9221	770	2470	9173	35755	

621	10	8	0
188	265	355	428	368	430	109	268	209	462	235	256	
12	11	9	5	4	6	
256	235	209	368	428	430	
1186	686	936	7195	1949	11011	

621	10	15	0
221	17	410	333	421	41	179	418	260	185	148	371	
9	10	8	1	11	
260	185	418	221	148	
756	499	548	797	4982	

661	1	2	0
448	216	363	136	147	18	158	453	282	462	252	360	
2	12	-109	10	
216	360	261	462	
9561	9596	9790	15702	

661	1	5	0
267	42	181	61	437	299	349	222	43	430	153	28	
3	1	9	5	6	
181	267	43	437	299	
2782	21086	9193	7597	1422	

661	1	6	0
225	188	32	152	164	441	395	274	25	83	21	442	
11	7	9	3	
21	395	25	32	
4197	12455	12302	11032	

661	1	7	0
109	96	388	112	434	81	131	178	183	233	262	326	
3	4	5	9	12	
388	112	434	183	326	
1783	7521	1394	1311	29677	

661	1	11	0
332	119	29	339	318	135	52	20	111	417	257	133	
1	6	10	3	12	5	
332	135	417	29	133	318	
10331	3552	2262	11303	4496	18353	

661	2	2	0
273	208	250	467	239	56	212	17	117	346	161	107	
9	-107	4	7	1	5	8	
117	127	467	212	273	239	17	
1970	6723	5967	13287	4364	11608	7833	

661	2	5	0
163	235	260	92	253	292	217	88	4	248	101	448	
1	3	8	9	11	
163	260	88	4	101	
3434	10179	7035	10706	4031	

661	2	6	0
427	312	74	178	67	451	100	40	425	342	338	58	
6	10	9	11	8	1	
451	342	425	338	40	427	
1734	6029	6168	24209	8139	12177	

661	2	8	0
215	184	210	387	123	317	476	29	224	114	128	330	
7	5	
476	123	
16708	31599	

661	2	15	0
385	417	97	150	64	367	303	204	39	118	55	232	
5	12	8	
64	232	204	
9249	31155	3608	

661	3	2	0
280	257	32	79	144	115	233	100	201	358	219	33	
3	10	7	4	6	12	11	5	
32	358	233	79	115	33	219	144	
1519	3788	12711	14023	3746	1880	3608	9513	

661	3	3	0
75	56	210	290	398	129	120	63	172	407	366	456	
1	10	11	12	7	2	4	
75	407	366	456	120	56	290	
1706	784	2491	6869	1845	11851	12385	

661	3	5	0
415	83	250	435	477	148	452	152	434	274	42	236	
7	12	3	
452	236	250	
9173	1325	29163	

661	3	6	0
216	410	207	69	16	320	421	48	473	371	1	269	
8	7	9	2	3	12	5	
48	421	473	410	207	269	16	
1408	1165	1380	3622	20087	25860	3913	

661	4	2	0
204	193	41	380	39	85	144	307	401	348	3	47	
2	4	-99	11	1	12	9	
193	380	20	3	204	47	401	
1693	2046	2040	1505	1700	21433	4871	

661	4	13	0
300	138	350	320	422	143	239	263	314	202	23	50	
-107	7	4	3	
235	239	320	350	
1644	1047	11525	36914	

661	4	14	0
228	170	298	161	159	5	203	46	186	176	205	142	
-105	2	-106	9	12	
422	170	143	186	142	
6217	11303	6702	8902	3760	

661	5	2	0
36	31	213	226	202	395	356	71	304	394	460	117	
3	12	4	5	7	6	11	10	1	-99	
213	117	226	202	356	395	460	394	36	53	
992	978	777	2511	9721	6425	825	9381	8735	12357	

661	5	11	0
301	30	274	2	431	263	143	471	221	68	12	100	
4	-99	12	10	11	1	5	
2	481	100	68	12	301	431	
3087	6210	1429	1415	11782	2449	5002	

661	6	2	0
35	390	122	257	406	209	155	193	333	196	220	401	
1	10	11	7	5	4	6	8	-99	9	3	
35	196	220	155	406	257	209	193	341	333	122	
2144	1200	1318	1054	7424	9325	3601	3927	10102	1464	12822	

661	6	5	0
176	479	195	128	141	370	413	288	192	282	168	160	
12	7	8	10	4	5	2	
160	413	288	282	128	141	479	
1408	2588	1408	1297	21676	3469	9915	

661	6	6	0
470	461	245	71	290	314	330	33	366	469	350	214	
3	1	11	10	8	9	5	
245	470	350	469	33	366	290	
2171	3691	1824	2074	12767	3046	17034	

661	6	8	0
206	183	146	2	63	367	338	109	381	328	171	81	
9	7	3	11	2	1	
381	338	146	171	183	206	
1297	3962	4662	22023	4572	9360	

661	6	15	0
300	278	90	210	74	373	211	451	36	422	397	423	
10	3	6	2	1	8	
422	90	373	278	300	451	
1033	1713	943	1214	1866	2227	

661	7	2	0
192	25	165	161	92	180	479	118	398	294	84	135	
1	12	2	5	4	6	3	11	7	
192	135	25	92	161	180	165	84	479	
8853	3316	2962	2338	2164	2164	4510	7944	23709	

661	8	2	0
299	213	124	57	13	44	78	64	83	326	473	169	
2	1	11	9	4	7	10	6	
213	299	473	83	57	78	326	44	
2692	1235	1540	2033	5141	2317	14682	16465	

661	8	11	0
53	97	202	108	379	73	31	145	463	246	439	262	
4	6	7	1	11	5	9	
108	73	31	53	439	379	463	
3233	1970	1533	5537	8881	6307	7015	

661	8	14	0
328	424	456	52	258	178	172	476	453	293	244	95	
10	2	12	9	5	
293	424	95	453	258	
2796	2824	9353	12351	2817	

661	8	15	0
150	149	116	364	305	314	418	168	423	231	465	403	
9	3	
423	116	
13329	30759	

661	9	2	0
180	426	232	252	339	424	311	412	451	319	106	199	
5	6	9	8	2	7	11	4	12	3	
339	424	451	412	426	311	106	252	199	232	
1859	457	1727	2255	4607	2178	1401	13967	6390	2546	

661	9	4	0
373	336	49	7	316	63	27	354	283	306	61	151	
4	3	6	1	10	9	8	7	
7	49	63	373	306	283	354	27	
3268	1408	3136	4648	3767	18394	1880	18686	

661	9	5	0
296	236	121	146	50	81	453	327	459	376	259	209	
11	3	12	7	8	2	-111	
259	121	209	453	327	236	61	
2608	1713	1415	1380	1762	18679	18582	

661	9	10	0
299	303	129	233	237	377	56	480	338	332	87	187	
12	3	2	9	1	5	11	
187	129	303	338	299	237	87	
1339	3864	4142	3989	1422	5828	13287	

661	9	12	0
464	262	474	44	266	20	51	162	401	3	293	120	
6	8	12	11	9	10	2	7	
20	162	120	293	401	3	262	51	
1325	1457	3018	1686	6307	2733	1838	7743	

661	10	2	0
291	370	78	176	298	51	285	455	172	467	174	23	
1	7	10	3	11	-106	
291	285	467	78	174	297	
1783	14502	1922	2893	10748	25298	

661	10	4	0
28	215	306	181	196	478	167	76	60	152	394	452	
1	2	4	11	8	6	12	9	
28	215	181	394	76	478	452	60	
2595	1547	5571	4100	2116	6584	8895	8062	

661	10	11	0
201	389	246	245	193	359	148	235	155	327	427	41	
3	2	4	6	10	12	1	7	
246	389	245	359	327	41	201	148	
5252	2262	4073	1602	5155	1693	22786	15626	

661	10	14	0
10	256	279	113	205	337	329	401	419	74	124	265	
10	12	11	5	1	3	
74	265	124	205	10	279	
4891	1734	3143	1720	4482	22738	

721	1	2	0
179	298	102	88	371	171	80	15	257	42	239	188	
1	-99	4	-99	-99	
179	481	88	481	481	
6342	2872	12337	2824	13142	

721	1	6	0
477	120	267	94	254	26	234	366	201	235	377	47	
12	-99	6	5	4	7	-99	2	3	-99	6	
47	481	26	254	94	234	481	120	267	481	26	
1415	3282	3601	1193	1998	7556	5557	1297	1332	2164	4912	

721	1	14	0
409	339	161	363	291	391	18	408	49	352	467	203	
12	9	7	11	-109	10	
203	49	18	467	213	352	
1415	471	416	659	6709	7216	

721	1	15	0
450	449	225	283	478	106	174	404	354	228	292	241	
2	-99	-308	10	9	6	7	8	
449	448	217	228	354	106	174	404	
2768	3962	603	5662	10449	6598	2310	652	

721	2	2	0
79	218	33	416	477	235	417	63	150	265	95	49	
10	12	4	7	9	11	
265	49	416	417	150	95	
3982	881	735	3108	2040	5717	

721	2	3	0
61	106	20	152	458	27	169	467	105	151	72	422	
1	12	9	10	11	
61	422	105	151	72	
1387	777	3767	13377	3136	

721	2	4	0
84	68	229	315	243	391	464	381	279	385	266	208	
1	12	5	
84	208	243	
1332	1644	17735	

721	2	10	0
278	11	400	214	407	331	383	197	364	286	304	340	
11	10	2	7	12	
304	286	11	383	340	
1644	3684	1339	1089	9485	

721	2	12	0
39	189	118	183	155	277	198	397	131	380	268	285	
11	4	8	12	-903	9	-99	
268	183	397	285	20	131	270	
2858	520	818	818	4537	2102	2248	

721	2	13	0
429	466	322	332	456	225	470	176	67	449	314	398	
8	-106	3	5	-104	
176	277	322	456	183	
1547	2858	4912	10227	17242	

721	2	14	0
85	18	405	170	333	54	297	91	201	16	246	263	
3	4	1	11	8	10	5	
405	170	85	246	91	16	333	
1214	908	4857	638	20358	3712	1401	

721	3	2	0
49	334	424	420	321	382	191	22	222	181	223	134	
1	6	4	3	2	9	
49	382	420	424	334	222	
1505	6682	624	992	36504	7389	

721	3	6	0
207	456	253	133	97	266	257	256	229	371	372	315	
2	1	10	3	-99	9	4	8	-99	
456	207	371	253	481	229	133	256	481	
1512	506	631	3781	1054	3524	5627	9582	6994	

721	3	10	0
410	431	153	200	198	236	395	295	120	70	357	93	
9	4	-99	8	3	-412	
120	200	462	295	153	315	
2317	3087	15133	3719	3774	5911	

721	3	11	0
345	189	390	41	312	3	100	435	442	344	166	288	
1	-109	12	12	2	
345	120	288	288	189	
5231	12614	742	2470	9353	

721	3	12	0
477	58	304	227	240	243	187	91	43	279	74	414	
12	1	11	4	10	2	3	
414	477	74	227	279	58	304	
1498	10741	4073	2955	2754	17492	742	

721	3	13	0
383	462	434	219	459	235	96	454	24	387	365	338	
2	10	11	
462	387	365	
3330	6800	2872	

721	3	14	0
38	163	303	428	299	392	8	347	384	247	92	63	
11	2	-109	-105	8	4	-402	
92	163	24	459	347	428	431	
846	4607	770	1679	9991	2268	13482	

721	4	2	0
112	361	113	395	287	154	265	245	66	192	196	128	
6	5	1	3	11	-103	
154	287	112	113	196	407	
1137	1824	1908	4191	27317	1235	

721	4	6	0
302	372	378	388	230	323	201	269	291	30	437	249	
12	1	2	3	4	
249	302	372	378	388	
1533	638	2144	742	5523	

721	5	2	0
468	324	424	155	343	181	238	39	187	126	44	337	
12	4	-103	6	-107	-99	9	2	
337	155	377	181	91	481	187	324	
4343	1464	777	1144	11900	34402	430	2650	

721	5	4	0
275	389	98	248	273	392	412	101	210	64	56	171	
12	5	3	9	
171	273	98	210	
1831	13655	832	13294	

721	5	5	0
113	3	258	257	191	75	299	182	274	471	160	76	
9	-101	7	8	11	12	-103	
274	275	299	182	160	76	98	
2449	1366	4274	784	16611	693	3469	

721	5	6	0
139	415	445	280	50	90	184	156	417	80	100	360	
12	6	1	
360	90	139	
2928	860	6980	

721	5	10	0
419	266	450	356	285	68	290	455	313	192	384	20	
-99	12	11	7	9	10	6	5	
481	20	384	290	313	192	68	285	
1318	4080	888	1734	1283	5807	4059	22211	

721	5	11	0
173	326	47	308	268	88	207	418	336	459	134	422	
1	2	5	8	9	10	11	
173	326	268	418	336	459	134	
943	589	2463	2248	10567	4128	5509	

721	6	2	0
113	465	40	86	133	235	426	346	192	37	225	17	
1	11	-99	11	1	6	12	3	4	
113	225	481	225	113	235	17	40	86	
1089	541	2595	818	575	6293	1401	943	6633	

721	6	7	0
400	298	129	193	373	21	68	277	82	189	42	210	
12	7	8	11	
210	68	277	42	
1540	5856	4385	13579	

721	6	9	0
290	132	104	204	273	173	69	41	395	83	429	76	
11	2	12	6	-110	-703	-112	1	
429	132	76	173	165	40	451	290	
2400	680	5384	2553	11525	2969	21211	6897	

721	6	12	0
180	271	178	270	239	148	164	286	421	390	102	185	
2	1	4	
271	180	270	
1353	471	19872	

721	6	13	0
404	170	460	436	340	127	399	159	227	299	281	317	
2	3	1	12	5	6	
170	460	404	317	340	127	
1665	471	825	693	2497	1769	

721	7	2	0
73	66	370	39	187	459	324	413	377	267	346	379	
1	7	-99	-103	6	11	
73	324	272	153	459	346	
2761	6466	1242	12926	1859	4690	

721	7	4	0
93	265	255	159	241	251	208	151	179	71	202	81	
8	12	3	11	
151	81	255	202	
2151	742	2157	9228	

721	7	5	0
60	64	170	279	189	18	90	42	454	162	24	238	
1	-99	3	5	2	12	
60	460	170	189	64	238	
1831	756	707	575	2685	2144	

721	7	11	0
323	268	423	46	2	401	374	345	23	204	245	478	
11	5	-99	
245	2	481	
1228	568	7257	

721	7	13	0
86	328	178	257	10	386	277	314	197	124	240	254	
5	10	3	4	9	
10	124	178	257	197	
2338	1013	908	548	568	

721	8	2	0
109	168	250	459	195	221	65	380	167	357	198	30	
3	6	4	1	
250	221	459	109	
5613	1512	4808	25888	

721	8	5	0
418	174	453	222	368	366	362	473	22	399	43	193	
10	7	11	5	2	3	4	
399	362	43	368	174	453	222	
2664	1013	8506	3288	2213	527	4343	

721	8	7	0
18	405	344	114	270	200	39	246	277	135	171	285	
4	3	11	12	7	8	
114	344	171	285	39	246	
1991	2373	1859	513	603	374	

721	8	14	0
191	348	429	41	298	280	318	23	442	157	77	27	
11	12	10	5	6	-99	
77	27	157	298	280	481	
1755	596	2893	3774	700	3767	

721	9	2	0
106	176	438	152	81	145	115	265	358	29	480	48	
11	1	5	2	10	-105	5	-99	5	-99	
480	106	81	176	29	130	81	173	81	173	
2296	3344	6182	6015	680	28580	513	451	6286	360	

721	9	8	0
440	111	153	215	303	71	248	477	467	193	323	53	
8	12	7	3	11	
477	53	248	153	323	
1380	2733	2442	1235	13988	

721	9	13	0
473	16	56	160	271	353	435	426	247	131	41	352	
12	3	11	-99	2	
352	56	41	481	16	
631	8853	3719	22280	451	

721	10	2	0
211	40	145	454	339	312	411	237	192	315	313	348	
-99	-99	4	6	10	9	11	
453	481	454	312	315	192	313	
957	457	1672	353	395	1908	4420	

721	10	6	0
213	356	283	453	167	447	252	359	164	417	329	412	
6	7	2	10	
447	252	356	417	
2511	943	4995	8784	

841	1	2	0
121	172	464	65	419	301	219	208	430	155	375	249	
3	10	-99	5	2	3	10	
464	155	481	419	172	464	155	
4086	3413	1436	4760	2324	8257	31342	

841	1	3	0
226	196	378	214	314	322	146	106	352	371	443	64	
1	3	10	
226	378	371	
14814	4170	36137	

841	1	9	0
199	383	346	269	379	424	159	349	134	174	212	104	
9	12	4	-103	10	
134	104	269	48	174	
2754	1172	13558	8749	27290	

841	1	13	0
264	224	247	24	195	407	56	244	152	432	193	473	
7	1	3	12	11	5	
56	264	247	473	193	195	
1207	853	11046	4392	1186	4364	

841	2	2	0
404	479	169	277	32	18	37	201	342	149	145	92	
11	7	12	4	
145	37	92	277	
1887	4413	10193	4551	

841	2	11	0
33	133	89	463	471	286	115	289	125	180	283	449	
10	1	9	8	4	
180	33	125	289	463	
16528	2074	1755	1491	18984	

841	2	12	0
315	250	278	68	81	8	403	365	358	428	187	22	
12	8	1	-99	
22	365	315	481	
1020	4912	13211	6508	

841	3	2	0
107	374	73	235	213	339	480	126	139	220	231	121	
9	-109	5	7	8	-112	
139	63	213	480	126	40	
3379	2921	4815	8104	4912	9124	

841	3	4	0
160	100	122	453	74	42	195	308	250	356	6	140	
8	6	9	-212	2	-304	10	
308	42	250	121	100	84	356	
2053	8257	4871	8048	9318	1089	3941	

841	4	2	0
43	275	367	163	57	280	36	106	312	293	140	49	
7	3	8	-107	-104	2	
36	367	106	111	121	275	
1838	1401	5426	5453	5460	24445	

841	4	12	0
142	69	73	16	441	181	407	361	28	46	194	295	
11	12	8	-1106	10	-502	-99	
194	295	361	19	46	245	481	
1020	846	9464	5120	8243	2067	23453	

841	4	15	0
166	402	318	366	188	235	405	475	171	64	479	322	
7	2	8	-505	
405	402	475	195	
2109	14404	5606	35568	

841	5	2	0
152	83	251	154	179	84	30	268	165	171	112	74	
-110	7	9	-99	8	5	
35	30	165	481	268	179	
1498	992	3767	11851	12489	9346	

841	5	7	0
88	269	167	433	360	353	40	118	9	159	246	54	
11	12	1	9	2	10	
246	54	88	9	269	159	
1179	971	3046	2789	3920	16167	

841	5	9	0
449	241	178	262	156	127	249	42	111	270	139	126	
11	10	8	9	10	7	-106	
139	270	42	111	270	249	10	
1103	714	943	3913	2497	4315	36782	

841	5	15	0
212	207	444	242	210	274	334	122	264	313	305	298	
9	12	1	-1109	7	9	
264	298	212	314	334	264	
596	964	2789	10248	839	5509	

841	6	2	0
421	203	6	343	101	43	350	423	185	137	461	201	
6	2	10	4	5	9	
43	203	137	343	101	185	
1346	1255	2567	1186	1075	2081	

841	6	7	0
428	221	448	219	331	358	228	385	97	45	192	129	
2	4	12	11	-205	-107	
221	219	129	192	24	297	
1505	943	3802	1595	3323	28004	

841	6	9	0
57	71	123	119	240	391	143	176	315	418	349	30	
12	3	11	8	5	10	
30	123	349	176	240	418	
1963	1221	6598	1415	12996	21704	

841	6	11	0
435	328	420	80	265	367	220	264	373	287	169	272	
12	10	
272	287	
1769	26825	

841	6	13	0
214	167	181	415	468	366	177	241	346	56	472	333	
11	12	10	5	
472	333	56	468	
1158	1013	1304	15966	

841	6	15	0
149	91	187	230	281	23	9	106	89	49	94	250	
11	9	8	12	3	2	
94	89	106	250	187	91	
992	957	943	12288	2935	21267	

841	7	2	0
156	118	225	80	159	328	142	110	32	230	273	340	
12	11	9	3	-109	2	
340	273	32	225	356	118	
915	8104	1068	4919	20774	14120	

841	7	3	0
277	64	312	117	65	421	99	379	304	268	369	106	
5	10	1	2	7	
65	268	277	64	99	
2227	6147	8132	8631	17111	

841	8	2	0
92	65	122	370	21	259	447	179	190	350	339	29	
11	7	2	5	8	10	12	
339	447	65	21	179	350	29	
1325	804	825	5183	2359	5058	2775	

841	8	5	0
473	243	203	469	163	251	87	110	371	391	41	127	
12	-99	9	11	8	5	2	
127	439	371	41	110	163	243	
1401	48	659	853	1498	7049	5190	

841	8	9	0
221	436	223	199	407	476	270	112	74	319	275	118	
11	9	3	1	
275	74	223	221	
1137	922	957	1124	

841	8	11	0
85	452	401	226	253	434	19	242	208	337	58	204	
11	12	3	2	-107	
58	204	401	452	37	
999	915	735	1304	39488	

841	8	12	0
378	382	220	322	119	415	372	183	114	283	310	153	
11	2	1	4	8	12	9	
310	382	378	322	183	153	114	
1762	985	1443	3150	4905	18602	20816	

841	9	2	0
5	132	108	294	114	228	387	312	409	350	396	111	
10	6	11	5	4	3	2	12	-107	
350	228	396	114	294	108	132	111	468	
1318	2491	2053	3975	1131	1061	13447	21371	9589	

841	9	5	0
455	184	37	191	217	66	156	60	163	451	274	76	
11	12	1	4	2	3	
274	76	455	191	184	37	
1373	770	1172	3261	2414	2213	

841	9	10	0
199	473	256	2	115	70	262	137	81	189	145	149	
11	10	-107	9	2	
145	189	420	81	473	
1512	881	929	1297	2581	

841	10	2	0
222	190	289	39	193	295	284	463	263	160	140	422	
11	10	12	3	8	5	-104	
140	160	422	289	463	193	78	
2359	936	1360	4995	1561	1172	38163	

841	10	3	0
37	75	11	461	102	278	96	378	272	408	336	117	
12	5	4	9	3	
117	102	461	272	11	
1429	763	978	5689	5904	

841	10	10	0
165	283	142	204	401	14	164	66	331	468	170	307	
11	8	-110	12	4	5	
170	66	382	307	204	401	
1172	915	964	4364	1637	3309	

841	10	13	0
440	93	471	361	76	277	61	293	26	356	379	453	
12	11	7	4	5	
453	379	61	361	76	
1471	957	10838	6536	14682	

