101	1	8	1
50	411	45	146	244	9	150	361	72	463	190	401	
3	1	2	
45	50	411	
1859	2942	3129	

101	1	10	1
8	325	13	393	439	41	286	158	341	233	294	52	
12	3	6	5	
52	13	41	439	
1679	1422	1686	13537	

101	1	12	1
480	216	111	192	267	96	319	357	387	131	322	144	
12	5	
144	267	
1415	2019	

101	1	14	1
74	101	90	353	38	335	323	164	99	1	360	301	
12	-501	-99	3	
301	84	261	90	
5814	2067	2553	5939	

101	2	12	1
187	135	343	259	203	180	59	388	231	468	315	336	
11	6	10	
315	180	468	
5266	14356	22356	

101	3	3	1
121	133	177	352	202	330	129	271	173	179	103	38	
1	-99	
121	481	
17117	5682	

101	3	5	1
72	97	255	287	116	223	259	313	109	426	262	66	
1	12	11	9	7	
72	66	262	109	259	
1165	3094	2067	9325	19442	

101	3	13	1
222	137	196	84	238	412	18	246	228	155	263	187	
4	12	1	3	-402	
84	187	222	196	153	
1144	2248	2282	2435	16292	

101	4	4	1
415	68	170	136	23	179	290	26	405	138	312	398	
1	6	8	
415	179	26	
1609	3288	4746	

101	4	7	1
17	247	116	130	410	302	51	464	350	33	225	4	
9	4	10	
350	130	33	
8479	2588	14585	

101	4	8	1
120	65	251	315	59	229	2	444	62	203	379	19	
8	4	9	10	7	
444	315	62	203	2	
1616	1838	2595	6751	8395	

101	4	12	1
362	63	131	12	129	266	331	326	447	80	187	172	
3	4	10	-210	
131	12	80	337	
7937	2602	2026	39072	

101	4	14	1
222	78	213	226	260	407	75	198	11	162	215	206	
10	11	4	6	-111	
162	215	226	407	196	
1360	867	2157	6945	2657	

101	6	8	1
51	165	65	25	343	286	126	145	56	430	288	342	
8	1	6	
145	51	286	
1727	3545	4107	

101	6	9	1
338	121	266	416	211	322	436	27	31	274	410	258	
3	9	10	
266	31	274	
2213	2400	12128	

101	6	14	1
30	178	464	404	316	361	287	69	79	241	445	120	
5	
316	
8035	

101	6	15	1
77	369	388	434	186	336	36	155	290	268	6	280	
5	8	
186	155	
17305	14800	

101	7	9	1
283	280	441	285	133	93	78	120	38	376	153	348	
-99	9	8	5	1	4	
374	38	120	133	283	285	
3837	12933	14814	8257	2324	4517	

101	7	15	1
247	4	205	98	381	271	260	326	141	362	41	46	
1	2	-99	
247	4	481	
1179	5821	13218	

101	8	8	1
20	297	351	64	130	117	355	222	107	419	433	243	
4	12	
64	243	
957	2282	

101	8	10	1
234	445	176	478	207	453	391	301	6	35	477	29	
3	1	6	
176	234	453	
860	978	37302	

101	8	15	1
250	465	372	404	365	203	363	151	55	99	199	340	
12	7	6	
340	363	203	
1235	1380	5155	

101	9	13	1
372	293	267	68	389	275	430	183	451	195	371	163	
11	10	-99	9	
371	195	198	451	
1366	1124	6064	8000	

101	10	6	1
31	137	113	272	160	123	282	361	153	13	242	434	
2	7	
137	282	
1339	6168	

101	10	9	1
265	467	370	41	289	115	228	259	252	351	400	241	
2	-806	1	10	
467	226	265	351	
1797	3275	3316	50243	

101	10	14	1
229	215	341	114	236	293	303	55	446	365	356	101	
6	10	4	
293	365	114	
853	908	2102	

101	10	15	1
152	205	203	131	346	15	151	79	285	200	403	71	
12	-104	-99	-99	
71	114	463	159	
749	5370	5946	2400	

141	1	3	1
44	253	333	290	170	247	367	49	363	130	408	156	
1	3	5	
44	333	170	
1658	12524	10768	

141	1	6	1
116	416	224	289	167	260	127	131	307	88	294	336	
10	11	9	6	8	
88	294	307	260	131	
1755	4850	1741	3434	7702	

141	1	11	1
162	138	437	248	274	414	334	234	377	144	432	106	
12	1	7	
106	162	334	
1935	8916	33049	

141	1	14	1
18	257	360	436	323	460	417	218	286	158	309	231	
12	11	
231	309	
1360	13828	

141	3	13	1
453	63	213	327	19	333	166	420	129	360	331	441	
6	5	9	10	4	
333	19	129	360	327	
1575	1318	1554	1443	4961	

141	4	5	1
320	240	105	176	79	9	415	115	237	267	407	439	
1	10	5	11	3	
320	267	79	407	105	
1568	1637	1734	7403	3351	

141	4	8	1
248	436	286	365	359	119	227	256	156	457	329	220	
12	11	-107	-99	
220	329	477	481	
1790	7882	5474	13960	

141	4	9	1
185	328	283	311	170	151	207	364	221	312	247	20	
1	2	3	11	5	
185	328	283	247	170	
1228	1450	1471	1706	2893	

141	4	10	1
48	444	402	126	454	339	319	355	147	91	340	45	
12	5	11	2	
45	454	340	444	
1276	1040	1304	3823	

141	4	11	1
75	78	306	27	200	153	373	388	191	382	19	12	
5	12	1	7	2	11	10	9	
200	12	75	373	78	19	382	191	
1137	1269	1450	5127	16222	22120	1568	3032	

141	4	15	1
460	31	270	212	201	367	361	199	65	298	430	134	
1	2	9	8	12	11	
460	31	65	199	134	430	
1297	1464	1845	1519	1991	13211	

141	5	7	1
305	368	474	217	253	413	22	5	79	160	196	220	
1	2	7	5	8	
305	368	22	253	5	
1353	1512	1817	3920	8444	

141	5	15	1
306	378	12	267	86	6	396	83	26	245	21	81	
11	10	7	1	3	5	
21	245	396	306	12	86	
1214	1151	1498	2352	1394	2338	

141	6	3	1
124	210	393	127	436	395	462	36	223	181	478	38	
10	12	1	5	8	6	
181	38	124	436	36	395	
1366	1471	1623	1644	16049	1137	

141	6	4	1
255	432	398	147	172	401	366	34	205	89	6	97	
12	4	11	8	
97	147	6	34	
1568	11240	3608	17416	

141	6	8	1
116	45	400	98	199	16	87	384	409	12	70	298	
1	11	9	
116	70	409	
1471	41153	6751	

141	6	14	1
238	71	472	19	325	264	219	225	417	329	29	5	
1	11	5	4	9	12	3	6	
238	29	325	19	417	5	472	264	
936	1457	1464	1554	1269	3261	35020	10165	

141	7	9	1
152	157	291	216	284	195	293	455	402	2	110	300	
8	12	9	2	
455	300	402	157	
1269	1269	1117	3302	

141	8	4	1
246	237	242	60	400	300	275	238	235	217	108	109	
1	8	11	12	10	2	
246	238	108	109	217	237	
1686	1082	1484	1311	6591	12427	

141	8	6	1
239	261	346	91	78	68	124	363	173	125	228	134	
12	9	11	7	2	1	6	5	
134	173	228	124	261	239	68	78	
1332	1443	1373	5523	1679	1332	5148	27172	

141	8	8	1
274	102	463	107	74	320	10	262	161	151	197	401	
12	9	10	7	-212	2	
401	161	151	10	134	102	
1582	1394	2491	3365	1561	5384	

141	9	4	1
209	136	64	35	261	65	265	383	145	212	358	57	
6	12	1	2	3	5	11	
65	57	209	136	64	261	358	
1290	1214	1797	4392	2171	10179	15140	

141	9	5	1
247	355	104	328	442	152	87	341	146	464	416	375	
10	9	5	2	
464	146	442	355	
1894	1776	1332	7223	

141	9	6	1
49	42	271	97	70	320	351	220	159	346	231	371	
7	12	2	-101	5	
351	371	42	247	70	
1408	1339	6688	1332	16833	

141	9	8	1
124	299	462	206	170	102	238	372	287	424	465	260	
10	5	1	6	-99	
424	170	124	102	481	
2178	1852	1762	5356	10755	

141	9	13	1
434	94	2	126	331	264	142	345	316	66	269	54	
10	7	11	1	6	
66	142	269	434	264	
1561	1484	1498	5322	1276	

141	9	15	1
246	305	324	288	120	154	13	143	147	119	421	200	
1	10	12	6	2	
246	119	200	154	305	
3032	1651	1498	1505	2421	

141	10	8	1
424	166	70	225	434	367	421	321	40	299	305	306	
9	10	12	5	7	
40	299	306	434	421	
1332	1394	1575	1526	2761	

141	10	9	1
372	370	115	89	264	423	2	216	118	389	446	362	
5	10	8	1	2	9	
264	389	216	372	370	118	
1700	1290	1373	1332	1471	16458	

141	10	10	1
400	272	261	46	472	318	59	413	154	149	251	246	
12	11	
246	251	
1630	1304	

141	10	14	1
45	228	351	293	121	347	327	208	52	142	254	461	
12	7	5	2	
461	327	121	228	
999	8083	4218	7459	

181	1	5	1
34	472	350	372	379	286	428	138	130	282	85	452	
9	11	12	6	4	
130	85	452	286	372	
11948	2497	3046	3892	12122	

181	1	7	1
122	99	354	234	113	325	349	394	182	386	427	420	
6	12	1	8	
325	420	122	394	
3996	2053	4829	8326	

181	1	11	1
304	200	193	227	353	319	222	345	344	444	224	68	
11	8	12	-111	4	2	9	
224	345	68	397	227	200	344	
3587	617	784	1935	11372	10401	30565	

181	2	4	1
321	377	54	190	15	162	228	143	63	91	230	263	
10	11	5	-112	9	7	
91	230	15	227	63	228	
2969	1748	2289	2324	6980	2255	

181	3	3	1
278	291	311	50	367	128	70	379	192	42	126	83	
12	5	
83	367	
6779	10630	

181	3	7	1
101	184	476	442	107	331	251	381	444	257	303	247	
1	3	2	4	5	12	11	
101	476	184	442	107	247	303	
6189	693	3531	5960	1373	4433	26131	

181	3	12	1
100	241	385	47	214	190	119	162	88	160	265	328	
4	1	2	3	6	5	
47	100	241	385	190	214	
3060	2262	2324	2275	7368	7223	

181	4	5	1
198	207	423	414	124	46	23	256	438	439	473	415	
12	8	11	1	6	-107	
415	256	473	198	46	323	
4121	2019	1686	1609	1762	41438	

181	4	14	1
104	68	313	435	385	349	262	264	318	372	296	236	
12	11	1	2	3	7	
236	296	104	68	313	262	
2574	1471	1269	1464	1984	2171	

181	4	15	1
334	222	340	425	50	129	192	187	360	327	61	73	
11	2	8	7	6	4	
61	222	187	192	129	425	
3566	2144	1998	6966	3781	4149	

181	5	9	1
68	458	36	240	226	277	197	132	120	5	230	75	
8	2	9	10	12	5	-104	
132	458	120	5	75	226	257	
4378	2393	2602	2525	2144	2289	10921	

181	5	12	1
34	179	135	54	374	377	281	53	162	204	373	421	
11	8	7	1	5	
373	53	281	34	374	
3420	1935	2407	2220	8971	

181	6	9	1
122	213	271	117	449	38	91	23	227	55	375	233	
12	8	-99	-509	2	6	1	
233	23	481	67	213	38	122	
3316	3483	3150	1505	7507	2886	2373	

181	6	15	1
317	50	444	149	187	325	290	280	124	97	60	437	
1	12	8	4	11	
317	437	280	149	60	
3233	1949	3157	2386	14203	

181	7	8	1
328	393	356	309	102	228	448	458	383	83	27	375	
-105	6	8	7	5	3	-306	
103	228	458	448	102	356	301	
4884	2657	895	1866	2380	5578	5689	

181	8	7	1
311	434	442	69	100	282	359	34	131	469	203	417	
10	8	3	-507	9	12	4	6	
469	34	442	111	131	417	69	282	
3295	2747	3108	24570	2171	4517	5328	3462	

181	8	12	1
258	264	75	148	288	80	136	179	468	478	245	153	
9	2	11	5	12	
468	264	245	288	153	
4648	8812	8853	20129	12260	

181	9	4	1
105	137	208	170	374	341	66	345	154	411	302	294	
8	7	12	11	10	
345	66	294	302	411	
6411	3080	1297	1561	5627	

181	9	8	1
246	190	269	347	470	457	58	158	404	110	417	207	
12	2	1	-204	11	9	
207	190	246	67	417	404	
4017	1901	2185	6723	8465	4357	

181	9	9	1
10	323	19	385	328	225	85	471	392	228	233	57	
11	12	1	7	2	-105	
233	57	10	85	323	470	
1734	2234	2831	5682	3129	13759	

181	9	10	1
372	194	129	61	136	91	426	306	78	343	262	304	
12	10	8	9	6	3	-99	1	
304	343	306	78	91	129	125	372	
2428	1811	2060	1859	3379	2026	27	6626	

181	9	14	1
305	364	478	115	195	320	289	237	393	296	7	359	
10	6	5	2	-1311	
296	320	195	364	157	
2206	1838	2053	7847	2414	

181	9	15	1
402	38	434	412	408	173	51	201	446	250	258	206	
5	12	3	2	
408	206	434	38	
1866	2497	9443	8229	

181	10	6	1
356	75	275	150	470	108	359	437	254	323	32	22	
12	10	11	2	1	9	
22	323	32	75	356	254	
5412	2192	3115	2345	2421	24542	

181	10	9	1
100	267	112	50	332	85	137	140	64	370	155	455	
6	11	7	9	12	
85	155	137	64	455	
8048	2213	3268	16784	9929	

181	10	10	1
371	419	393	269	395	380	302	42	162	230	98	102	
12	
102	
5252	

181	10	13	1
402	136	2	8	198	54	315	364	248	250	192	244	
2	4	-603	7	8	
136	8	81	315	364	
12482	2518	7341	20996	12128	

201	1	9	1
306	146	153	250	293	329	43	470	254	314	251	337	
5	2	1	11	12	-102	3	
293	146	306	251	337	452	153	
2033	936	1665	2914	23300	1137	17617	

201	1	10	1
181	326	19	446	238	311	150	394	340	280	100	328	
2	-107	-106	1	
326	43	329	181	
31592	9068	1547	9297	

201	1	11	1
347	221	416	320	222	125	107	413	425	91	227	3	
7	11	3	
107	227	416	
1700	4156	23716	

201	2	12	1
292	358	60	343	459	37	39	396	461	379	256	154	
12	7	5	4	10	3	
154	39	459	343	379	60	
3240	999	964	4732	16562	3400	

201	3	3	1
230	108	76	371	162	385	186	100	178	315	166	73	
7	9	5	1	
186	178	162	230	
5939	5002	8749	4572	

201	3	5	1
216	61	159	157	30	433	321	180	176	400	413	96	
8	4	9	1	
180	157	176	216	
3358	2477	11962	2157	

201	3	6	1
185	252	255	449	132	319	213	221	459	265	453	133	
5	11	-202	
132	453	471	
3344	6675	28587	

201	3	7	1
3	434	410	145	153	237	196	422	332	465	436	376	
12	8	-511	2	
376	422	392	434	
1887	797	1498	30037	

201	3	10	1
155	228	443	198	71	175	407	201	239	81	401	232	
6	2	-112	11	12	
175	228	431	401	232	
5469	3260	21735	538	1983	

201	4	3	1
64	312	339	422	81	121	59	440	157	60	65	95	
1	12	9	4	2	10	7	
64	95	157	422	312	60	59	
2331	2192	957	7480	11997	1179	2602	

201	4	11	1
124	101	472	451	234	215	219	415	3	12	153	84	
11	3	6	-111	2	1	-805	
153	472	215	150	101	124	81	
3462	860	714	30808	5988	1464	6543	

201	5	11	1
298	149	18	280	13	211	121	45	416	258	297	215	
2	11	4	3	8	
149	297	280	18	45	
1429	1290	4100	7577	3434	

201	5	13	1
105	434	135	442	216	384	76	169	146	89	155	325	
11	10	1	
155	89	105	
1366	867	9228	

201	5	14	1
244	165	405	474	351	313	178	245	56	318	190	293	
-602	2	3	12	8	
242	165	405	293	245	
3004	908	707	7320	13579	

201	6	3	1
134	217	129	403	292	28	195	155	387	249	276	189	
1	10	4	7	6	
134	249	403	195	28	
2199	4177	9402	6786	3934	

201	6	4	1
252	185	256	174	370	187	367	159	248	265	272	77	
3	9	
256	248	
6286	13419	

201	6	8	1
290	230	70	399	121	105	302	336	440	339	363	295	
11	6	-411	
363	105	272	
3899	4662	17298	

201	6	13	1
139	66	106	203	144	55	254	443	82	26	58	6	
2	7	3	
66	254	106	
1360	2560	15306	

201	7	8	1
108	47	174	27	37	83	421	206	472	229	165	44	
5	1	2	8	
37	108	47	206	
1408	1512	1221	5252	

201	7	13	1
134	217	164	182	138	461	428	436	101	31	243	427	
8	2	-108	
436	217	121	
700	2164	4156	

201	8	5	1
218	238	262	126	239	20	459	204	317	80	91	30	
5	11	12	9	
239	91	30	317	
1956	4191	2296	25333	

201	8	10	1
295	163	129	279	241	219	24	246	44	205	336	177	
-304	11	7	
95	336	24	
11095	22009	10505	

201	8	11	1
144	364	307	277	140	439	161	266	375	340	273	454	
10	12	
340	454	
1221	12351	

201	8	12	1
153	221	245	250	147	319	329	158	166	469	220	114	
7	10	-601	5	
329	469	297	147	
19345	10803	2671	10470	

201	9	7	1
279	376	133	124	440	431	418	127	349	152	208	161	
11	6	7	9	2	10	
208	431	418	349	376	152	
1977	3393	818	12351	6231	14731	

201	9	9	1
179	446	4	154	140	22	406	84	82	288	132	411	
12	4	10	
411	154	288	
1575	12753	10408	

201	9	14	1
92	469	281	423	474	414	433	234	176	320	11	62	
9	7	2	3	-102	
176	433	469	281	17	
2095	1797	31717	3233	4288	

201	9	15	1
66	155	303	73	457	34	466	255	10	110	58	246	
9	-112	
10	62	
1235	20628	

201	10	3	1
30	250	473	407	215	4	306	104	51	153	266	118	
9	-104	10	
51	412	153	
4052	2629	10095	

201	10	5	1
177	18	184	163	88	354	364	383	197	21	468	426	
12	4	6	3	
426	163	354	184	
1047	1228	1346	1235	

201	10	12	1
245	406	329	52	447	148	232	307	228	414	10	366	
2	3	12	
406	329	366	
1429	1457	1380	

201	10	15	1
288	378	178	222	252	79	202	438	156	262	162	224	
9	2	5	
156	378	252	
1623	18360	4406	

241	1	4	1
338	68	235	193	320	242	230	282	432	82	404	127	
2	12	10	8	12	1	11	
68	127	82	282	127	338	404	
1255	714	492	2088	19095	23411	4454	

241	1	12	1
384	228	175	108	271	145	232	479	284	397	289	191	
11	12	4	9	-99	5	7	11	10	
289	191	108	284	14	271	232	289	397	
1339	548	770	638	895	3968	4031	4766	8347	

241	1	13	1
104	131	174	200	146	312	449	168	182	28	27	342	
12	10	11	8	5	4	8	
342	28	27	168	146	200	168	
1013	1304	686	3975	2393	895	7473	

241	2	3	1
240	74	49	127	295	262	367	443	307	27	56	47	
6	12	11	5	9	
262	47	56	295	307	
1124	749	2386	1817	1831	

241	2	9	1
459	223	31	242	416	237	334	174	282	87	37	480	
6	5	7	12	10	1	2	
237	416	334	480	87	459	223	
1630	631	770	1755	1547	8319	784	

241	3	5	1
81	52	99	337	212	370	427	208	359	39	96	141	
8	12	1	4	6	2	
208	141	81	337	370	52	
1935	728	1734	1644	2622	14758	

241	3	10	1
463	140	153	285	471	454	27	203	217	228	85	422	
12	-106	-99	2	6	7	5	
422	125	481	140	454	27	471	
2671	964	742	5668	3975	714	21142	

241	3	15	1
278	222	229	166	10	86	244	362	131	344	225	28	
12	3	4	1	9	10	6	
28	229	166	278	131	344	86	
839	603	1491	582	423	4725	5606	

241	4	8	1
386	474	198	177	156	349	114	405	209	248	197	128	
12	11	8	4	10	6	11	
128	197	405	177	248	349	197	
957	700	555	1831	7972	999	2324	

241	5	3	1
150	28	125	100	182	170	336	70	131	102	214	316	
9	6	2	
131	170	28	
895	4586	1720	

241	5	4	1
160	163	341	83	423	247	373	252	179	412	149	87	
-99	10	6	7	5	
84	412	247	373	423	
444	631	659	367	527	

241	5	5	1
349	460	86	315	71	301	139	472	467	93	78	305	
-112	12	4	3	11	
87	305	315	86	78	
1942	555	1672	4704	1394	

241	5	7	1
414	181	225	455	452	220	444	309	172	101	213	148	
11	6	2	7	5	
213	220	181	444	452	
1984	492	541	2171	2262	

241	6	4	1
326	158	190	144	258	289	22	252	320	149	134	71	
11	7	6	12	8	4	
134	22	289	71	252	144	
1131	2997	693	11733	4600	4225	

241	6	8	1
242	175	178	124	185	348	232	67	7	104	86	183	
12	5	4	10	
183	185	124	104	
700	1401	1221	1859	

241	6	14	1
392	291	414	293	68	210	74	346	413	430	90	431	
11	12	9	2	
90	431	413	291	
562	610	6994	13440	

241	7	5	1
62	221	349	197	160	60	95	210	96	36	186	367	
11	8	-108	12	
186	210	203	367	
1255	1026	2220	21544	

241	8	3	1
90	472	301	330	66	366	92	308	212	21	44	322	
12	10	9	11	7	
322	21	212	44	92	
645	971	388	1339	8111	

241	8	5	1
138	311	313	414	205	225	111	378	426	381	353	316	
12	
316	
13502	

241	8	10	1
206	219	129	377	418	320	343	412	262	373	204	450	
4	-112	7	
377	281	343	
659	2768	3066	

241	8	11	1
324	303	468	43	9	339	374	215	403	213	7	108	
4	7	3	12	
43	374	468	108	
1824	874	1346	1554	

241	9	8	1
239	28	237	306	74	198	299	90	211	137	413	35	
12	5	3	
35	74	237	
770	402	6848	

241	9	11	1
257	121	267	315	367	453	156	232	305	290	233	354	
8	9	1	
232	305	257	
2720	1110	3122	

241	9	15	1
270	141	148	443	176	242	341	124	96	44	172	436	
12	10	-112	
436	44	89	
1179	1172	860	

241	10	3	1
400	184	438	428	247	189	290	74	466	42	99	387	
5	12	
247	387	
686	11275	

241	10	4	1
409	123	432	355	215	430	28	473	419	320	87	136	
12	1	6	9	
136	409	430	419	
638	430	867	1866	

241	10	8	1
366	66	109	100	303	112	174	365	315	199	427	138	
8	3	2	10	
365	109	66	199	
346	964	506	457	

241	10	9	1
299	358	300	462	143	9	396	412	165	19	82	63	
12	4	6	
63	462	9	
291	693	10144	

241	10	13	1
195	317	415	459	25	323	144	359	475	381	439	464	
3	2	
415	317	
922	1811	

241	10	15	1
5	83	467	343	470	159	186	410	137	468	259	291	
12	2	5	
291	83	470	
485	451	582	

261	1	5	1
471	451	26	81	25	211	102	381	125	312	357	468	
12	4	7	-101	-204	
468	81	102	40	106	
2720	8951	13745	11622	10137	

261	2	4	1
434	476	165	46	88	90	247	443	159	338	390	210	
8	3	-102	12	
443	165	129	210	
2171	12031	4399	19428	

261	2	5	1
408	182	82	125	267	136	23	111	31	360	450	336	
-110	1	-105	
338	408	88	
31356	5516	5759	

261	2	7	1
469	454	42	45	364	54	124	437	75	310	3	146	
10	3	8	9	5	
310	42	437	75	364	
2650	7348	7146	4454	16077	

261	2	9	1
164	71	415	65	170	401	217	49	213	259	329	117	
11	12	5	
329	117	170	
1089	2380	10852	

261	2	13	1
157	62	168	156	257	355	465	275	316	211	201	451	
11	-99	3	8	
201	481	168	275	
1082	7306	1602	992	

261	2	14	1
26	403	314	383	69	184	477	441	393	198	423	381	
-99	
481	
2775	

261	3	3	1
287	310	207	479	350	74	39	427	469	80	42	169	
6	8	4	1	
74	427	479	287	
7785	5696	1540	22585	

261	4	4	1
21	337	368	159	244	273	30	467	310	27	229	108	
-203	
474	
25055	

261	4	5	1
274	398	452	138	71	363	412	88	338	118	349	460	
8	10	
88	118	
1540	3434	

261	4	13	1
188	265	291	469	366	96	190	110	407	243	405	341	
11	12	1	3	
405	341	188	291	
631	1047	2463	15209	

261	4	15	1
426	230	279	404	329	305	336	438	236	421	114	218	
10	
421	
29024	

261	5	8	1
175	111	135	205	459	72	217	358	460	128	31	182	
1	10	9	
175	128	460	
2171	1817	1554	

261	6	6	1
98	137	93	427	197	444	72	201	276	335	458	441	
5	4	1	7	
197	427	98	72	
5398	3504	15806	5530	

261	6	9	1
181	20	157	262	269	71	243	130	192	214	364	59	
1	3	
181	157	
13260	2324	

261	8	8	1
394	254	427	180	458	478	281	357	315	242	47	291	
12	9	4	
291	315	180	
1020	5807	1096	

261	8	13	1
67	116	153	28	295	30	34	320	86	162	277	391	
10	7	6	9	
162	34	30	86	
1540	770	1033	19671	

261	8	15	1
132	450	422	196	81	455	356	431	364	445	25	2	
12	9	8	
2	364	431	
1776	784	3906	

261	9	3	1
136	261	258	441	38	236	453	232	159	299	24	233	
2	-103	
261	189	
1616	12413	

261	9	5	1
54	102	112	373	100	141	43	89	53	12	220	216	
9	-99	
53	273	
1297	2803	

261	9	6	1
242	152	443	357	479	455	51	334	404	437	239	41	
11	-101	1	9	2	
239	54	242	404	152	
2983	13412	2317	1984	1575	

261	9	7	1
52	359	95	30	317	246	182	149	297	416	1	218	
8	-105	1	-601	11	
149	479	52	250	1	
888	18346	17797	1214	2872	

261	9	14	1
247	194	225	90	117	308	17	76	314	356	213	105	
6	5	1	
308	117	247	
1110	638	1658	

261	10	6	1
139	409	461	68	94	300	172	128	430	143	20	209	
1	2	11	
139	409	20	
30988	18443	6175	

261	10	8	1
179	171	126	124	367	268	77	181	56	39	248	49	
8	-99	7	10	12	-212	
181	250	77	39	49	209	
1131	9311	3337	5023	3545	13704	

261	10	12	1
214	228	177	97	261	31	331	22	336	407	405	53	
11	3	2	
405	177	228	
1672	2137	3504	

281	1	3	1
211	264	310	192	422	51	108	359	179	462	410	328	
6	5	12	
51	422	328	
34950	10713	3656	

281	1	9	1
72	154	188	27	471	223	440	335	144	292	208	284	
11	10	2	12	1	5	8	-210	
208	292	154	284	72	471	335	109	
1568	888	1026	3934	1998	902	18366	25666	

281	1	12	1
274	397	9	169	174	197	296	127	411	177	219	437	
12	2	9	3	11	5	
437	397	411	9	219	174	
1471	742	791	3823	34104	10664	

281	1	13	1
262	450	79	400	42	226	407	361	447	376	210	368	
12	10	2	-107	7	
368	376	450	296	407	
1595	1110	3677	16139	17041	

281	2	8	1
299	182	19	332	43	333	79	18	370	124	268	252	
12	9	11	6	-99	1	
252	370	268	333	481	299	
3295	818	1519	7355	10880	13655	

281	3	3	1
160	317	180	417	225	105	280	309	104	227	74	319	
1	10	11	8	2	-103	
160	227	74	309	317	25	
1484	680	2976	16437	631	26478	

281	3	5	1
93	125	28	216	175	82	318	126	382	157	245	49	
10	5	11	-103	12	2	4	9	
157	175	245	429	49	125	216	382	
1672	1859	5315	2935	5141	8888	27075	2012	

281	3	6	1
254	131	442	232	223	263	276	476	67	367	440	474	
2	10	
131	367	
1984	20622	

281	3	14	1
59	156	342	140	292	370	191	369	35	466	116	90	
8	6	7	4	-99	
369	370	191	140	161	
1866	1144	680	20968	7535	

281	4	4	1
304	88	277	191	52	74	86	73	300	218	303	15	
7	8	10	6	-99	-109	
86	73	218	74	35	9	
3108	2178	7799	13426	1047	14175	

281	5	4	1
350	151	81	241	191	44	18	107	278	247	303	192	
11	8	12	10	9	
303	107	192	247	278	
1193	797	1637	4100	25964	

281	5	7	1
312	332	78	420	174	216	90	162	24	92	164	290	
10	12	11	3	9	
92	290	164	78	24	
1429	985	11768	22440	1873	

281	5	11	1
61	113	430	308	129	140	431	355	119	132	212	284	
12	1	6	10	-102	9	-112	7	
284	61	140	132	111	119	154	431	
3455	2053	2525	5814	2227	7174	6383	22800	

281	6	7	1
471	31	60	185	2	466	76	369	82	166	207	86	
11	1	-103	7	8	4	
207	471	320	76	369	185	
3552	2081	3830	1797	3545	9360	

281	6	9	1
246	366	287	73	89	294	94	345	14	265	391	291	
12	9	10	11	1	-106	4	3	
291	14	265	391	246	238	73	287	
1609	603	686	28379	12344	943	6605	666	

281	6	11	1
127	281	225	188	362	393	191	168	123	251	41	216	
11	4	8	
41	188	168	
1783	8069	19067	

281	6	15	1
176	418	91	162	165	325	156	422	431	114	425	208	
8	-102	1	9	12	
422	473	176	431	208	
1568	1026	6633	2359	10290	

281	7	7	1
91	130	118	308	213	227	462	310	78	75	64	82	
1	11	10	3	7	-203	
91	64	75	118	462	279	
1540	811	5981	3622	1540	15001	

281	7	8	1
70	37	303	156	145	302	245	395	452	103	154	159	
5	-208	9	1	11	
145	192	452	70	154	
1436	478	693	3809	37941	

281	7	13	1
411	458	231	128	404	140	391	84	323	276	195	239	
12	4	2	6	3	1	
239	128	458	140	231	411	
1568	457	4281	3906	652	28893	

281	8	8	1
255	413	225	329	141	122	350	286	208	39	180	300	
8	11	7	
286	180	350	
5308	1734	2948	

281	8	15	1
200	449	194	312	389	73	266	427	212	65	171	324	
3	10	1	5	11	9	
194	65	200	389	171	212	
4746	4489	7126	1693	12462	7146	

281	9	3	1
249	4	177	22	170	133	323	42	211	329	6	195	
10	2	8	7	1	
329	4	42	323	249	
1207	8617	6237	7348	8111	

281	9	4	1
413	109	191	83	316	454	146	228	303	196	41	207	
6	11	-99	12	
454	41	124	207	
2289	8139	1380	20594	

281	9	7	1
229	115	264	348	103	116	396	474	89	112	93	92	
3	12	1	4	6	2	-110	
264	92	229	348	116	115	189	
1158	707	1679	4864	15640	1248	3733	

281	9	13	1
58	73	294	7	163	235	38	171	278	157	398	362	
1	9	10	7	11	4	
58	278	157	38	398	7	
1353	1124	1519	756	4711	10602	

281	9	14	1
95	292	317	382	367	433	202	357	150	464	468	438	
9	6	10	
150	433	464	
1047	3774	22120	

281	10	4	1
427	151	380	219	210	225	361	163	246	255	365	139	
6	12	5	8	-102	
225	139	210	163	454	
1269	575	610	6043	28650	

281	10	5	1
461	53	339	195	220	60	336	123	198	241	386	189	
11	4	3	10	5	12	
386	195	339	241	220	189	
2955	1172	5093	9436	24368	6577	

281	10	7	1
131	426	48	91	258	122	390	191	448	134	313	124	
10	4	12	-99	1	5	
134	91	124	270	131	258	
1255	575	867	31821	1207	2393	

281	10	11	1
24	110	257	412	236	204	414	79	298	64	186	450	
11	7	11	7	-109	-110	
186	414	186	414	296	35	
1831	1700	5093	346	30856	1360	

301	1	3	1
316	160	288	25	232	456	270	343	204	91	407	418	
8	7	6	11	10	-101	
343	270	456	407	91	73	
2317	1464	770	867	6446	22807	

301	1	5	1
257	49	57	242	111	117	54	305	185	207	61	9	
12	11	-105	8	-109	
9	61	56	305	357	
2005	1089	9977	4413	20837	

301	1	6	1
43	227	77	398	416	119	291	178	404	351	55	335	
10	8	-512	6	
351	178	37	119	
4080	19275	16417	15348	

301	1	7	1
294	39	336	69	301	132	90	315	289	96	142	59	
11	7	
142	90	
6002	3420	

301	1	12	1
50	424	442	361	107	428	21	221	479	114	148	98	
12	9	7	3	-608	
98	479	21	442	178	
1817	1151	3795	8694	10130	

301	1	13	1
238	386	239	461	171	473	140	388	331	272	22	150	
12	11	10	5	
150	22	272	171	
1137	1089	4385	23522	

301	1	14	1
152	7	309	413	431	439	302	245	325	300	30	474	
7	3	5	1	6	10	
302	309	431	152	439	300	
1450	659	645	1366	7396	1242	

301	2	3	1
114	296	415	43	217	430	251	108	137	222	138	11	
12	8	9	
11	108	137	
3365	1588	20240	

301	2	5	1
299	18	192	460	243	479	418	416	347	279	473	84	
10	8	12	-112	
279	416	84	131	
9263	492	1013	7549	

301	2	7	1
440	317	288	218	350	48	33	261	224	85	216	51	
2	1	3	6	
317	440	288	48	
10831	2081	999	9818	

301	2	10	1
446	260	58	240	395	277	154	265	37	219	480	119	
7	9	8	11	12	
154	37	265	480	119	
1651	499	2726	15785	2449	

301	2	12	1
300	180	476	353	267	210	225	193	73	211	250	413	
11	12	2	10	
250	413	180	211	
1484	659	11476	24174	

301	2	14	1
65	414	171	469	44	359	290	115	139	281	165	17	
12	10	1	3	
17	281	65	171	
1595	5786	6730	5606	

301	3	11	1
278	414	168	245	309	476	206	47	451	18	28	351	
12	10	11	
351	18	28	
1144	2241	562	

301	3	12	1
21	324	169	313	155	241	37	366	212	158	302	368	
1	2	9	12	7	5	
21	324	212	368	37	155	
1998	589	839	874	881	7820	

301	4	8	1
58	93	457	63	261	455	60	446	337	196	91	466	
11	12	6	3	5	-102	2	7	
91	466	455	457	261	148	93	60	
1512	1533	2199	8305	9860	2942	5190	7257	

301	4	9	1
245	345	354	405	86	135	419	6	159	346	85	361	
12	5	8	4	6	-109	
361	86	6	405	135	337	
1831	1131	11976	25208	9769	5599	

301	4	13	1
39	96	156	162	462	230	44	441	285	200	386	357	
11	12	5	9	1	6	2	
386	357	462	285	39	230	96	
1804	1172	2824	2317	1179	24042	3823	

301	5	3	1
85	468	55	345	20	31	309	200	103	244	67	269	
11	6	12	9	4	8	
67	31	269	103	345	200	
1928	1505	2262	3337	8048	7167	

301	5	8	1
338	122	408	188	52	233	205	135	121	249	143	261	
7	9	12	11	3	1	
205	121	261	143	408	338	
2102	631	1325	971	12128	6869	

301	5	10	1
384	160	41	349	386	59	478	44	303	4	360	71	
12	11	4	10	
71	360	349	4	
1318	3982	12739	8846	

301	5	15	1
60	296	216	208	147	394	253	449	295	433	155	344	
9	12	11	4	12	8	5	
295	344	155	208	344	449	147	
922	770	1304	7146	3857	12954	9707	

301	6	8	1
463	396	440	121	279	83	462	425	167	285	95	59	
1	9	7	-112	-205	10	
463	167	462	294	81	285	
1706	3011	9804	2824	27463	2033	

301	7	6	1
281	384	199	242	380	258	201	402	100	211	441	50	
12	6	2	9	-102	7	8	
50	258	384	100	233	201	402	
1838	6980	21211	4586	4156	1540	7403	

301	8	3	1
123	274	402	316	69	25	417	446	119	204	311	138	
5	9	
69	119	
1977	8430	

301	8	9	1
448	18	476	326	339	183	262	202	395	278	376	392	
12	10	1	6	8	9	
392	278	448	183	202	395	
1137	645	10796	1686	7292	2886	

301	8	10	1
301	74	132	171	263	460	429	265	125	317	166	304	
5	8	-309	
263	265	131	
8333	2040	18401	

301	9	4	1
298	39	267	242	53	55	185	104	394	213	405	10	
11	10	12	3	8	
405	213	10	267	104	
1679	895	1623	888	3615	

301	10	6	1
191	425	93	330	26	259	17	200	171	468	115	255	
9	5	10	6	4	
171	26	468	259	330	
2067	1845	2581	1415	4766	

381	1	8	1
169	188	203	323	358	260	150	402	32	477	153	436	
2	
188	
4399	

381	1	11	1
48	443	278	257	183	225	362	145	396	65	152	274	
12	9	8	7	11	5	
274	396	145	362	152	183	
1117	943	1255	1144	652	2754	

381	4	4	1
395	367	305	440	87	398	427	90	359	180	20	264	
12	9	1	4	3	2	5	
264	359	395	440	305	367	87	
1061	721	770	4246	1221	2567	13322	

381	4	6	1
230	227	137	336	100	206	162	14	168	197	52	43	
12	11	10	7	6	1	8	
43	52	197	162	206	230	14	
818	548	3642	1214	11823	8957	29357	

381	4	14	1
81	244	145	108	239	113	126	28	408	412	300	350	
10	12	5	4	1	
412	350	239	108	81	
971	978	2636	2865	11997	

381	4	15	1
208	254	306	469	8	224	124	188	66	110	241	315	
12	9	6	8	7	11	1	
315	66	224	188	124	241	208	
860	2511	2331	1887	5287	1956	9332	

381	5	4	1
211	201	57	383	175	384	418	372	344	370	366	274	
12	10	3	7	11	-106	8	
274	370	57	418	366	235	372	
631	978	8000	17846	3517	10796	17395	

381	5	12	1
379	135	44	78	38	406	238	112	117	166	253	163	
6	11	12	10	9	1	2	
406	253	163	166	117	379	135	
2137	1096	1290	2810	4517	8486	7556	

381	5	14	1
449	425	399	390	421	50	434	360	191	24	93	130	
11	12	8	
93	130	360	
784	818	1339	

381	5	15	1
386	306	295	230	92	350	382	275	453	427	168	296	
12	6	7	8	
296	350	382	275	
707	839	22044	7896	

381	6	7	1
346	313	226	207	80	24	219	189	43	134	412	103	
12	10	3	4	7	-101	9	5	2	
103	134	226	207	219	254	43	80	313	
1276	860	2255	1998	1526	21399	8944	1242	8520	

381	6	8	1
355	20	74	290	424	413	29	32	125	182	252	245	
12	10	7	5	
245	182	29	424	
908	818	1026	35776	

381	6	9	1
218	137	310	359	456	312	173	187	122	171	275	258	
12	3	10	9	-111	4	5	
258	310	171	122	252	359	456	
978	5308	3115	1151	16507	10678	5925	

381	6	14	1
217	385	309	329	433	228	278	97	58	449	38	350	
11	12	10	4	
38	350	449	329	
943	874	964	2914	

381	7	5	1
330	229	46	449	278	404	10	128	172	478	24	252	
11	12	6	3	
24	252	404	46	
1325	804	21884	9575	

381	7	7	1
39	336	76	150	271	179	334	88	419	62	467	459	
11	10	1	2	
467	62	39	336	
1200	2678	4045	7521	

381	7	8	1
32	21	314	139	174	202	282	461	212	452	94	294	
11	7	12	-99	9	-402	10	
94	282	294	211	212	108	452	
1124	777	825	895	832	5981	728	

381	7	10	1
34	131	358	120	29	127	344	340	398	193	269	163	
11	5	2	10	
269	29	131	193	
992	1047	1040	8319	

381	7	11	1
151	222	159	232	333	274	357	466	277	18	168	262	
11	12	10	5	4	6	
168	262	18	333	232	274	
1047	881	811	9408	2137	14793	

381	7	13	1
285	47	348	154	56	341	323	80	25	187	100	69	
12	11	9	1	
69	100	25	285	
693	763	3864	31300	

381	9	4	1
397	27	453	148	314	467	181	86	273	104	174	409	
12	11	8	9	-110	1	-108	
409	174	86	273	200	397	289	
2477	1616	3885	1304	10803	2157	8014	

381	9	10	1
230	76	358	422	262	41	195	288	122	71	47	463	
12	11	9	3	1	
463	47	122	358	230	
714	985	770	832	14536	

381	9	14	1
337	162	311	198	221	153	290	438	142	132	112	332	
10	12	11	6	
132	332	112	153	
3053	707	1533	29191	

381	9	15	1
236	304	180	240	59	101	386	39	460	156	342	215	
12	11	8	
215	342	39	
832	867	804	

381	10	3	1
245	202	229	348	122	86	26	68	411	335	172	346	
12	11	9	10	5	
346	172	411	335	122	
867	874	804	5453	922	

421	1	4	1
472	312	296	108	380	83	75	459	319	423	392	267	
1	10	2	3	4	6	7	12	5	
472	423	312	296	108	83	75	267	380	
1908	1394	1651	1665	1706	1762	2185	6390	12614	

421	1	5	1
258	441	185	225	342	261	223	113	24	99	339	462	
11	7	8	6	12	
339	223	113	261	462	
2331	2019	2040	2907	33895	

421	1	8	1
426	226	93	152	456	167	145	208	193	302	138	311	
12	10	2	
311	302	226	
1602	1845	15466	

421	1	9	1
332	387	382	74	242	353	128	315	247	404	305	409	
12	1	4	3	9	8	11	
409	332	74	382	247	315	305	
1887	1817	2026	1901	2692	2157	14911	

421	1	15	1
405	406	57	176	273	212	352	222	362	396	348	165	
4	5	1	2	6	9	
176	273	405	406	212	362	
1727	1623	1811	2192	2192	19262	

421	2	3	1
174	308	256	291	473	39	205	124	62	135	194	14	
6	-101	12	5	4	
39	426	14	473	291	
1817	1373	2067	3726	44775	

421	2	10	1
27	162	465	118	219	439	26	143	401	366	278	85	
11	12	1	9	3	
278	85	27	401	465	
2380	1276	2116	2615	33569	

421	2	11	1
273	203	394	411	418	23	171	267	34	54	208	139	
2	1	5	4	8	10	3	
203	273	418	411	267	54	394	
2345	1505	1901	2414	2352	3337	9526	

421	2	15	1
462	89	43	331	371	224	360	447	287	172	470	400	
11	4	2	9	
470	331	89	287	
8985	3434	8423	25305	

421	3	9	1
479	233	467	224	221	421	236	338	335	431	143	339	
12	10	3	
339	431	467	
2033	2421	10810	

421	3	11	1
232	191	203	323	36	226	181	363	253	68	47	326	
1	11	4	6	7	3	5	
232	47	323	226	181	203	36	
1942	1547	1582	1443	1332	6113	1498	

421	4	3	1
152	86	172	432	201	372	309	436	340	182	42	69	
2	10	9	8	7	
86	182	340	436	309	
4864	2435	2525	6161	12323	

421	4	4	1
132	104	199	370	357	126	241	145	183	192	409	360	
1	-106	5	4	11	7	3	
132	372	357	370	409	241	199	
1588	2116	5925	2324	5474	1568	13315	

421	4	8	1
457	448	156	320	462	249	143	480	79	111	434	214	
9	10	6	
79	111	249	
1991	2130	17714	

421	5	4	1
8	127	255	86	316	314	29	41	457	228	36	30	
11	8	10	2	4	3	9	
36	41	228	127	86	255	457	
1346	1693	2407	16181	1082	17541	16077	

421	6	3	1
397	232	199	295	453	76	39	202	480	112	326	380	
11	7	2	8	3	6	
326	39	232	202	199	76	
2206	1845	2366	2366	7910	13412	

421	6	6	1
35	187	19	228	159	164	411	363	224	373	152	246	
7	6	1	12	2	
411	164	35	246	187	
1588	1776	2380	2005	1679	

421	6	9	1
6	52	464	3	290	460	457	379	20	55	413	292	
12	1	3	10	
292	6	464	55	
1970	6147	4461	1346	

421	6	11	1
14	348	87	217	186	53	239	446	337	26	263	48	
11	12	3	
263	48	87	
1609	2359	50271	

421	7	3	1
158	462	60	55	69	152	93	167	456	160	323	10	
1	3	11	
158	60	323	
1817	21940	2796	

421	7	5	1
9	453	374	273	96	38	257	165	388	214	480	432	
-101	4	11	9	-106	-99	3	
181	273	480	388	91	345	374	
1887	1582	2102	3406	3337	3628	6002	

421	7	10	1
476	264	231	150	286	411	459	115	102	126	173	2	
11	6	2	1	10	5	
173	411	264	476	126	286	
1672	3837	5960	1651	8846	13343	

421	7	12	1
327	300	311	355	381	146	3	450	378	132	321	470	
12	10	-801	-108	8	5	
470	132	181	405	450	381	
1505	1935	13405	2497	1935	9388	

421	7	14	1
226	141	195	364	206	334	346	293	156	78	15	266	
11	8	9	12	5	
15	293	156	266	206	
4614	2699	2886	1970	2560	

421	8	4	1
82	281	38	441	464	315	363	344	183	167	351	94	
12	11	6	9	5	
94	351	315	183	464	
2081	2400	4426	1637	3413	

421	8	6	1
192	173	412	108	51	62	349	125	330	312	399	122	
10	12	1	-203	
312	122	192	38	
1533	1588	7348	10526	

421	8	8	1
247	234	462	49	109	124	442	292	468	98	411	214	
11	4	1	
411	49	247	
1401	3677	8999	

421	8	15	1
217	355	386	268	254	391	149	450	118	297	77	180	
9	7	8	11	
118	149	450	77	
1984	1609	2095	9415	

421	9	4	1
456	320	343	307	134	217	91	318	118	15	312	439	
4	5	7	11	9	12	5	3	
307	134	91	312	118	439	134	343	
1651	2414	2088	4662	6265	6654	4080	6820	

421	9	15	1
76	254	241	285	145	178	126	5	249	459	49	77	
12	1	9	10	11	8	
77	76	249	459	49	5	
1512	1658	2012	3157	12774	1942	

421	10	5	1
58	205	51	17	129	287	39	423	144	88	77	147	
10	7	
88	39	
1991	6772	

421	10	9	1
346	85	118	145	47	350	54	392	265	36	348	245	
8	3	-209	
392	118	345	
4697	2060	6841	

521	1	5	1
162	379	123	382	480	71	315	67	4	314	102	427	
1	3	11	7	12	
162	123	102	315	427	
2019	1519	1464	5634	5065	

521	1	12	1
217	57	12	40	233	357	372	28	6	351	429	111	
1	3	4	2	-106	9	
217	12	40	57	304	6	
2546	1949	1866	1748	18637	6515	

521	1	13	1
124	212	339	264	408	139	93	184	337	156	461	311	
1	2	3	4	5	8	6	
124	212	339	264	408	184	139	
562	895	1103	1304	1214	1616	4385	

521	2	4	1
122	92	263	186	126	210	102	301	115	159	81	341	
11	7	4	12	
81	102	186	341	
1318	1526	1956	22322	

521	3	3	1
85	315	3	37	71	159	157	286	80	182	384	190	
10	2	9	6	-212	-101	
182	315	80	159	67	274	
1866	3087	2740	2768	13960	12024	

521	3	7	1
191	2	231	454	474	238	100	15	387	145	109	329	
1	8	5	2	12	11	
191	15	474	2	329	109	
388	1033	1131	1318	1394	1172	

521	3	9	1
108	123	179	292	192	185	34	104	132	227	326	136	
12	11	9	7	3	-609	-409	1	-99	-712	5	
136	326	132	34	179	80	476	108	154	117	192	
749	874	1200	12947	5974	1214	3032	12219	3046	728	8826	

521	3	11	1
432	116	322	430	360	156	396	291	210	383	83	87	
1	2	12	11	-501	-99	
432	116	87	83	466	273	
1318	1484	1727	2608	17187	2602	

521	4	6	1
235	24	322	204	52	387	87	83	370	324	447	213	
1	2	3	12	-502	5	
235	24	322	213	89	52	
416	1269	1033	1165	6723	9880	

521	4	11	1
330	327	136	303	380	432	336	139	377	28	159	114	
1	2	4	-99	12	10	-601	-301	6	
330	327	303	304	114	28	296	102	432	
228	784	922	895	1207	9887	11226	20476	8083	

521	5	3	1
301	170	454	2	48	336	161	31	218	111	121	390	
3	4	8	-99	
454	2	31	481	
3892	1151	17041	17312	

521	5	4	1
120	448	159	97	160	469	290	446	331	346	158	217	
-101	-107	-99	
301	161	387	
22363	31231	5467	

521	5	8	1
95	59	424	88	221	215	477	114	349	342	258	127	
1	2	4	1	10	5	-99	-99	
95	59	88	95	342	221	481	481	
13	1110	1068	1096	1408	1290	9339	27664	

521	5	10	1
64	435	76	25	199	456	201	182	362	234	126	118	
1	4	3	-99	-808	-99	4	
64	25	76	102	463	481	25	
76	943	1547	4024	24452	10338	14127	

521	5	14	1
316	125	330	293	308	443	398	112	462	391	368	296	
7	12	2	-99	1	3	4	-99	1	
398	296	125	319	316	330	293	481	316	
506	1082	971	964	1096	985	9311	8208	24098	

521	6	5	1
313	131	232	439	377	426	265	450	2	158	432	48	
1	2	3	9	-99	11	-311	
313	131	232	2	481	432	32	
159	867	1047	1075	1637	16278	16264	

521	6	9	1
108	71	78	26	412	233	13	466	200	215	194	94	
1	2	12	6	-103	4	
108	71	94	233	139	26	
333	853	1075	1394	11199	18165	

521	6	13	1
401	471	85	64	9	41	168	101	142	229	467	387	
3	4	-99	10	5	-1106	-101	11	-99	
85	64	114	229	9	96	473	467	481	
145	929	1588	1568	1422	15133	10005	1158	24799	

521	7	6	1
98	122	170	80	118	154	381	361	443	377	183	473	
11	3	4	-99	7	-99	5	
183	170	80	481	381	481	118	
867	534	2671	3393	8888	25444	6154	

521	7	9	1
295	54	345	225	341	75	348	424	114	140	367	256	
5	11	-99	1	2	4	-210	-111	
341	367	481	295	54	225	440	187	
707	908	2026	9596	2511	11858	10123	6092	

521	7	11	1
56	146	210	133	439	2	159	103	409	417	258	125	
1	2	3	4	1	2	-99	-99	-405	5	
56	146	210	133	56	146	433	481	6	439	
0	284	1172	1151	2796	680	7771	5433	20559	17749	

521	8	9	1
472	216	160	138	10	250	451	60	117	450	417	320	
6	7	8	9	-99	-99	
250	451	60	117	431	14	
0	1124	1207	1484	15702	7667	

521	8	15	1
16	19	80	20	349	64	198	182	173	147	85	3	
1	2	4	12	8	7	6	-99	10	
16	19	20	3	182	198	64	481	147	
263	1089	1228	1144	1380	1401	1783	3476	30003	

521	9	5	1
297	374	333	149	413	97	50	439	88	230	342	101	
9	10	11	4	-101	1	
88	230	342	149	477	297	
367	1242	1255	6071	11809	11199	

521	9	8	1
57	388	275	208	380	192	415	425	339	179	156	285	
1	2	-99	-99	-102	4	6	11	
57	388	191	432	317	208	192	156	
520	1061	1817	4510	6564	2678	7715	22481	

521	9	9	1
164	60	331	417	212	312	198	329	456	422	396	451	
9	10	1	5	7	-803	6	9	8	
456	422	164	212	198	195	312	456	329	
1297	1096	1415	1533	1672	1686	1686	5065	4579	

521	9	11	1
108	18	200	450	6	86	199	445	111	87	310	226	
6	9	11	-99	-102	-99	-108	11	10	-107	
86	111	310	481	2	104	473	310	87	318	
256	1124	1595	2948	1533	1915	5828	5800	13100	11865	

521	9	13	1
328	172	31	228	327	240	137	10	479	177	256	379	
3	4	5	10	8	1	6	
31	228	327	177	10	328	240	
617	978	1214	1353	27782	13502	8923	

521	10	9	1
337	22	77	117	114	277	153	17	426	205	27	428	
12	2	1	10	7	-99	
428	22	337	205	153	268	
1464	1255	1006	1269	8257	2435	

561	1	3	1
127	282	38	334	89	9	136	387	150	121	230	124	
12	2	11	10	-112	7	
124	282	230	121	128	136	
2116	1387	5821	2664	23862	20184	

561	1	4	1
87	151	155	361	477	195	149	312	467	281	36	29	
12	7	11	-104	
29	149	36	334	
2400	4038	14335	27484	

561	1	5	1
397	84	411	143	211	79	270	448	268	160	449	82	
12	9	5	
82	268	211	
1811	3434	11143	

561	2	5	1
146	13	312	126	39	44	333	199	374	121	464	338	
11	10	8	12	
464	121	199	338	
1415	2178	7126	7688	

561	2	7	1
200	48	159	311	276	453	463	27	288	156	421	368	
10	3	1	7	9	6	4	
156	159	200	463	288	453	311	
1686	2199	2560	12330	17603	3157	5946	

561	2	8	1
25	275	253	58	355	97	136	77	269	20	109	240	
12	11	9	5	
240	109	269	355	
1575	1165	1554	15653	

561	2	9	1
161	34	82	302	364	15	38	18	137	228	303	134	
5	2	12	11	7	
364	34	134	303	38	
1700	2026	2393	8236	4524	

561	2	11	1
427	108	321	403	206	143	212	389	185	283	477	180	
12	3	10	8	7	1	6	4	11	
180	321	283	389	212	427	143	403	477	
1637	1464	1727	1484	2248	8118	3684	10234	23480	

561	2	14	1
165	201	437	470	11	395	54	57	154	465	410	474	
12	9	1	3	
474	154	165	437	
2629	3538	11906	14786	

561	2	15	1
451	106	347	21	235	176	120	344	102	30	267	329	
10	12	12	7	6	
30	329	329	120	176	
2504	1096	2817	13051	10540	

561	3	5	1
66	299	319	355	364	235	248	24	81	35	251	170	
4	10	
355	35	
8715	4607	

561	3	14	1
164	167	374	348	87	151	131	450	214	62	19	298	
10	12	4	5	2	
62	298	348	87	167	
2366	5315	3483	1387	21378	

561	4	8	1
433	144	202	348	371	257	190	195	411	424	111	467	
12	9	4	8	
467	411	348	195	
1269	1970	10880	19393	

561	4	9	1
388	300	344	379	182	281	143	110	237	413	204	422	
12	11	7	5	9	6	
422	204	143	182	237	281	
929	1783	8236	2171	8687	35602	

561	4	11	1
354	146	20	52	290	225	234	457	107	235	335	236	
8	11	12	9	5	10	
457	335	236	107	290	235	
1505	1935	1734	6355	11816	2400	

561	5	9	1
343	205	46	410	235	350	458	18	286	115	66	365	
12	11	7	9	
365	66	458	286	
2060	13169	24188	3698	

561	5	14	1
250	258	47	82	441	384	167	88	107	475	130	466	
12	11	8	9	3	
466	130	88	107	47	
2317	9166	5280	12281	17492	

561	6	5	1
132	141	15	61	143	204	139	335	478	22	293	169	
10	9	2	8	7	
22	478	141	335	139	
1949	3386	1977	1922	12024	

561	6	13	1
249	458	236	358	173	432	470	201	122	47	435	425	
12	-1008	8	5	2	1	
425	127	201	173	458	249	
1498	4933	2289	1311	4919	2525	

561	6	14	1
49	3	402	244	355	266	299	456	96	275	255	55	
12	11	3	7	5	
55	255	402	299	355	
1290	4114	13919	9478	26839	

561	6	15	1
372	182	45	163	304	7	228	192	441	423	459	286	
11	3	7	4	5	
459	45	228	163	304	
1533	2511	5120	4621	38350	

561	7	3	1
147	149	239	52	75	446	162	375	37	281	163	92	
10	12	8	2	7	6	
281	92	375	149	162	446	
3136	2178	1762	4364	15286	17749	

561	7	5	1
303	219	473	174	210	121	358	109	99	82	401	383	
12	10	3	1	9	10	6	11	
383	82	473	303	99	82	121	401	
1172	1700	1408	2643	1124	10595	10505	978	

561	7	7	1
472	198	223	58	47	461	140	159	362	247	86	199	
11	6	12	1	
86	461	199	472	
1353	2955	4010	39634	

561	7	8	1
397	300	442	101	209	197	474	412	153	288	460	20	
12	11	7	5	-99	
20	460	474	209	404	
1255	1706	1700	14155	21149	

561	7	15	1
374	152	356	179	204	466	428	312	187	139	39	241	
12	8	
241	312	
1255	4253	

561	8	6	1
77	137	162	255	309	180	76	311	136	466	144	296	
12	7	1	10	
296	76	77	466	
846	1360	1436	2303	

561	8	7	1
208	318	23	417	187	288	372	93	97	94	89	252	
12	10	11	2	7	
252	94	89	318	372	
1547	1283	1984	6286	29552	

561	8	8	1
1	272	175	397	268	344	170	115	249	223	197	82	
12	9	10	
82	249	223	
728	2935	8028	

561	9	3	1
37	196	109	173	364	93	429	439	201	7	119	199	
11	12	7	4	9	8	
119	199	429	173	201	439	
3594	1380	2102	2935	1387	24368	

561	9	4	1
174	57	99	294	101	474	306	153	202	108	411	113	
4	12	11	10	
294	113	411	108	
1026	1068	3448	34971	

561	9	7	1
289	324	12	171	131	162	253	167	59	41	117	458	
12	11	1	3	12	10	4	
458	117	289	12	458	41	171	
784	1248	6237	3302	6584	6293	10935	

561	9	9	1
103	66	337	402	302	318	277	267	274	405	35	333	
10	12	3	
405	333	337	
1568	1186	49834	

561	10	3	1
193	172	381	124	209	311	345	299	166	189	303	240	
3	12	7	11	9	9	
381	240	345	303	166	166	
1797	2407	3511	14224	34381	1693	

561	10	15	1
217	51	88	85	253	150	198	393	280	264	154	469	
-99	10	11	4	3	
481	264	154	85	88	
1117	1616	1464	17707	8146	

621	1	14	1
353	314	460	380	312	19	186	176	132	429	193	140	
12	8	9	4	2	3	
140	176	132	380	314	460	
1207	1339	1179	19192	29892	1616	

621	2	3	1
250	219	308	388	206	52	334	452	6	338	101	297	
7	8	10	2	
334	452	338	219	
3538	846	6938	14585	

621	2	12	1
353	218	406	122	316	287	417	65	387	320	257	393	
12	-404	7	6	9	8	
393	319	417	287	387	65	
1020	839	3393	1394	3261	4267	

621	2	15	1
313	408	85	22	267	345	213	348	471	360	186	258	
12	10	3	9	8	
258	360	85	471	348	
1193	728	2081	1471	2393	

621	3	3	1
153	345	329	128	32	80	456	415	12	120	336	383	
11	3	
336	329	
1734	11539	

621	3	4	1
164	140	4	372	261	304	163	385	384	270	359	85	
12	10	6	11	2	1	8	
85	270	304	359	140	164	385	
1706	964	5620	1588	1679	964	15300	

621	3	6	1
381	433	119	204	434	311	316	321	54	99	207	9	
12	-109	-99	11	7	10	2	3	1	
9	269	133	207	316	99	433	119	381	
1026	1734	9998	15036	17159	1290	3975	1214	3115	

621	3	7	1
229	255	157	66	17	89	132	134	332	277	234	365	
11	8	1	10	12	
234	134	229	277	365	
2560	1179	1124	15272	23404	

621	3	8	1
249	216	449	68	455	422	478	258	257	31	334	58	
7	12	10	11	8	-103	
478	58	31	334	258	157	
756	666	895	811	2303	28157	

621	3	10	1
467	235	2	247	45	417	274	195	225	398	246	218	
12	11	5	10	1	2	
218	246	45	398	467	235	
957	589	631	728	8257	1158	

621	3	11	1
96	464	267	3	133	471	401	142	144	404	188	93	
12	11	10	7	
93	188	404	401	
2123	1033	13142	4954	

621	3	12	1
197	48	411	440	373	177	156	294	410	145	169	53	
9	7	10	12	5	3	
410	156	145	53	373	411	
3462	797	1013	1963	908	1172	

621	4	6	1
247	260	364	392	387	105	96	231	99	278	467	325	
12	11	8	1	2	
325	467	231	247	260	
1734	6106	978	7542	7799	

621	4	8	1
251	253	15	222	153	295	10	89	250	200	135	435	
8	6	12	-411	4	1	-99	
89	295	435	145	222	251	481	
1859	1637	1200	1235	867	4968	34000	

621	4	10	1
224	114	307	456	176	212	328	70	72	292	83	417	
10	11	6	
292	83	212	
11115	24882	8812	

621	4	13	1
301	457	377	172	64	348	232	465	98	409	367	362	
12	11	10	1	8	5	3	
362	367	409	301	465	64	377	
1734	735	978	4385	22384	5939	791	

621	4	14	1
170	255	169	115	352	408	448	279	433	162	317	43	
10	12	4	1	-99	9	3	
162	43	115	170	481	433	169	
1366	1068	902	1519	6043	21329	3622	

621	5	5	1
286	190	322	150	177	234	125	101	440	445	311	434	
3	12	8	2	4	
322	434	101	190	150	
1547	763	6862	908	33528	

621	5	10	1
32	201	222	360	123	211	115	156	218	371	255	268	
1	9	2	12	10	-99	
32	218	201	268	371	348	
874	811	832	804	4600	29371	

621	6	12	1
275	307	142	157	190	13	200	35	391	421	416	349	
12	2	7	8	9	6	4	-111	
349	307	200	35	391	13	157	350	
2997	1040	2234	1054	638	1928	5419	42388	

621	6	15	1
224	274	289	348	323	184	396	36	192	265	462	181	
9	8	12	11	6	-1107	-1410	-99	
192	36	181	462	184	257	109	481	
1401	714	707	4107	763	14057	4822	1734	

621	7	13	1
226	114	350	425	183	336	8	14	81	421	228	50	
11	1	9	12	5	8	
228	226	81	50	183	14	
742	1068	1040	915	15966	9991	

621	7	14	1
21	125	239	218	210	201	348	40	478	374	242	286	
-111	1	2	3	9	10	8	5	
228	21	125	239	478	374	40	210	
832	1026	1026	978	1047	5849	26207	2421	

621	8	5	1
68	108	271	248	218	116	294	52	170	378	286	253	
9	6	12	8	3	5	
170	116	253	52	271	218	
804	915	1103	3670	21378	21468	

621	8	6	1
374	110	207	260	103	448	3	403	14	434	447	230	
9	12	8	-110	6	
14	230	403	378	448	
1394	763	1935	18117	26762	

621	8	8	1
56	47	204	255	252	40	276	325	419	208	21	366	
12	5	10	11	1	
366	252	208	21	56	
1297	1054	4142	922	23737	

621	8	14	1
18	171	215	120	177	301	333	156	466	289	153	407	
11	-99	12	5	4	
153	348	407	177	120	
7348	10026	10095	21732	2595	

621	9	3	1
446	399	256	261	222	59	398	157	443	118	64	287	
10	1	7	3	12	-101	
118	446	398	256	287	100	
4364	971	7570	874	5592	4864	

621	9	5	1
291	375	89	162	383	408	57	32	455	433	304	270	
10	8	6	12	7	5	1	
433	32	408	270	57	383	291	
1602	1214	3441	1700	1075	8659	18915	

621	9	11	1
430	177	140	165	309	164	313	130	137	303	171	106	
12	2	9	
106	177	137	
1346	867	3025	

621	10	3	1
150	468	126	140	426	319	64	23	374	308	155	290	
12	1	6	5	
290	150	319	426	
1158	1020	943	610	

621	10	10	1
115	135	326	54	324	388	376	434	409	240	219	247	
12	8	-107	2	
247	434	147	135	
964	1845	14293	10956	

661	1	3	1
458	260	50	97	455	11	128	125	472	306	26	117	
12	-99	2	1	7	11	
117	364	260	458	128	26	
3483	8673	7334	8826	16236	4760	

661	1	12	1
91	172	7	449	408	275	353	391	201	264	190	126	
1	4	11	7	6	
91	449	190	353	275	
5342	6550	5231	10012	22481	

661	1	13	1
469	198	231	324	182	409	82	74	192	176	161	170	
6	3	7	5	10	8	1	-110	-106	
409	231	82	182	176	74	469	264	275	
1360	2060	1595	4308	5641	9068	12808	6189	10873	

661	1	14	1
141	390	235	140	444	151	344	315	478	203	191	184	
4	9	8	
140	478	315	
2699	1720	9013	

661	2	10	1
51	47	174	455	444	352	288	254	219	310	13	241	
12	4	2	7	3	10	8	9	
241	455	47	288	174	310	254	219	
1706	5904	3157	1283	5398	2116	31252	8250	

661	2	12	1
21	462	226	168	2	206	341	9	7	194	399	356	
11	5	6	10	12	-99	1	
399	2	206	194	356	481	21	
1165	1734	2428	14724	19380	5051	9721	

661	2	13	1
149	311	94	1	177	353	434	274	229	398	134	63	
11	10	1	9	7	
134	398	149	229	434	
1637	2095	5169	30606	7174	

661	2	14	1
26	243	18	413	144	447	345	49	87	175	329	315	
11	2	10	8	
329	243	175	49	
3226	2296	1089	40571	

661	4	4	1
363	409	234	357	117	358	14	200	62	271	126	79	
2	10	11	3	7	-103	5	
409	271	126	234	14	58	117	
1221	1561	1248	5335	11150	8340	29274	

661	4	11	1
274	34	2	87	419	11	74	38	135	128	108	373	
11	3	12	-99	-111	7	-107	
108	2	373	481	329	74	351	
3580	2151	4260	7972	6189	3552	30600	

661	4	12	1
197	93	4	140	472	208	235	32	226	158	198	147	
9	4	8	6	-307	
226	140	32	208	309	
2303	3962	10789	1970	7951	

661	4	15	1
430	399	436	236	415	369	305	27	133	125	230	408	
12	-106	9	7	10	
408	5	133	305	125	
1047	3628	2477	10595	17527	

661	5	3	1
210	28	399	345	197	150	310	183	70	45	155	389	
10	12	2	1	
45	389	28	210	
3642	19955	23078	10401	

661	5	4	1
74	223	316	196	327	13	52	300	305	212	475	152	
1	2	6	5	4	-111	12	-108	
74	223	13	327	196	155	152	183	
1512	1110	1228	1082	2248	1935	17964	8021	

661	5	5	1
312	309	88	32	254	288	285	364	220	104	271	448	
7	8	6	11	12	1	
285	364	288	271	448	312	
1554	874	10935	10130	9526	20046	

661	5	6	1
101	182	25	108	270	228	164	338	201	231	417	406	
1	8	12	5	6	7	10	
101	338	406	270	228	164	231	
2921	7868	4947	3122	1623	30135	5322	

661	5	7	1
29	158	328	93	57	61	336	47	11	140	208	151	
10	11	1	-99	2	3	
140	208	29	481	158	328	
1353	832	1179	9707	8388	15952	

661	5	8	1
444	311	415	247	72	325	205	420	238	171	15	77	
8	1	12	10	
420	444	77	171	
1047	13537	1831	29566	

661	5	10	1
73	241	280	473	59	303	284	315	224	119	148	53	
1	12	4	9	
73	53	473	224	
1110	1651	27102	13572	

661	5	12	1
332	447	91	384	8	3	185	279	422	368	322	211	
11	5	6	1	9	10	3	-106	2	
322	8	3	332	422	368	91	263	447	
1533	6848	1436	3039	8874	7271	8354	11865	8021	

661	5	15	1
200	81	290	424	474	234	232	341	427	38	154	39	
10	1	7	3	4	-805	-103	
38	200	232	290	424	57	107	
1103	7875	7660	6654	2803	9013	18380	

661	6	4	1
133	446	1	64	52	199	79	123	50	100	163	307	
1	7	11	2	
133	79	163	446	
13142	6855	6258	33451	

661	7	3	1
414	108	73	230	104	33	138	475	329	358	360	145	
2	9	10	7	3	12	
108	329	358	138	73	145	
1644	1269	2532	20719	22474	9644	

661	7	9	1
418	282	339	111	204	15	310	28	355	407	23	231	
10	2	3	4	6	1	
407	282	339	111	15	418	
1942	3164	2671	3157	2754	3705	

661	7	10	1
53	157	347	167	336	228	200	171	101	325	34	411	
12	2	5	
411	157	336	
1193	7924	38274	

661	7	13	1
404	289	416	363	128	337	377	52	384	18	103	438	
5	3	10	4	
128	416	18	363	
8617	6598	2074	2352	

661	7	15	1
72	209	235	269	82	442	127	77	185	415	319	244	
4	-201	
269	404	
1582	34284	

661	8	7	1
317	358	383	211	15	445	113	154	386	109	189	86	
8	12	5	3	11	1	
154	86	15	383	189	317	
1158	1859	6612	8791	28955	4385	

661	8	8	1
396	68	143	393	263	110	251	411	77	451	39	353	
12	8	10	3	5	11	9	4	
353	411	451	143	263	39	77	393	
2366	1380	2664	4829	3483	1824	7597	13155	

661	8	10	1
127	71	333	337	43	402	203	130	30	417	382	242	
3	1	11	12	5	4	
333	127	382	242	43	337	
5960	3809	1942	7653	3871	1561	

661	8	12	1
349	239	41	247	94	101	120	99	135	306	59	421	
10	5	3	7	
306	94	41	120	
2088	5106	7438	13239	

661	9	6	1
96	117	282	280	245	126	263	254	165	168	176	220	
2	11	10	7	8	12	
117	176	168	263	254	220	
1332	7431	8187	2074	1464	5689	

661	9	7	1
152	31	11	352	250	43	468	477	418	91	71	324	
4	5	1	
352	250	152	
3719	1637	6550	

661	9	11	1
145	197	163	177	5	74	346	447	10	231	260	443	
2	3	10	8	6	4	1	
197	163	231	447	74	177	145	
2706	1151	1269	3733	2331	10651	11233	

661	10	6	1
274	391	5	20	296	173	101	372	262	344	324	166	
4	3	1	12	
20	5	274	166	
2012	4364	8708	1526	

661	10	8	1
241	354	40	198	312	430	53	380	462	67	367	232	
12	8	9	10	3	
232	380	462	67	40	
4461	8451	3892	1776	16202	

661	10	9	1
364	435	110	102	474	461	160	369	209	432	258	421	
8	10	11	
369	432	258	
1013	1248	27886	

721	1	5	1
110	342	175	206	24	374	103	428	349	210	205	134	
10	12	7	9	4	8	
210	134	103	349	206	428	
1769	728	617	4378	1082	5974	

721	1	8	1
90	3	297	460	390	40	229	312	344	192	263	50	
4	9	12	-206	8	2	
460	344	50	26	312	3	
1325	888	964	5315	8735	5710	

721	1	10	1
64	196	348	74	466	394	410	160	387	335	378	65	
11	1	7	-508	9	4	5	
378	64	410	428	387	74	466	
4073	4864	1859	2581	3677	11497	7313	

721	1	13	1
177	367	197	425	62	66	288	264	213	376	441	109	
12	10	-101	
109	376	72	
2421	10997	31092	

721	2	5	1
77	107	4	28	97	261	327	250	241	44	228	394	
12	10	11	7	5	1	
394	44	228	327	97	77	
1450	617	430	534	8881	39419	

721	2	6	1
92	222	139	65	12	5	90	308	73	178	93	352	
1	12	7	6	5	9	
92	352	90	5	12	73	
1068	804	2775	1769	3122	7146	

721	2	7	1
147	438	174	442	330	367	423	103	344	420	345	122	
12	9	8	-210	-202	
122	344	103	44	107	
1706	860	3892	20455	18401	

721	2	9	1
293	137	112	19	288	239	29	69	460	362	108	156	
10	11	12	7	1	
362	108	156	29	293	
2511	2706	1637	971	11525	

721	2	11	1
204	55	123	186	210	418	434	311	23	357	188	113	
10	11	12	7	5	
357	188	113	434	210	
1443	693	1137	23279	17520	

721	3	3	1
425	199	156	140	60	157	339	160	85	118	276	325	
12	6	8	9	5	
325	157	160	85	60	
1283	2865	784	20462	16104	

721	3	7	1
260	53	68	335	78	403	209	367	99	448	397	401	
12	9	-104	12	9	-99	1	11	-205	
401	99	133	401	99	481	260	397	139	
4107	485	1124	2324	416	5280	2851	16014	3580	

721	3	9	1
218	285	268	159	150	323	130	146	12	226	350	20	
11	7	10	9	4	5	-99	
350	130	226	12	159	150	481	
1935	721	1346	1026	10616	693	16104	

721	4	7	1
15	223	48	178	14	25	231	51	115	34	335	429	
10	4	8	-105	
34	178	51	230	
1686	1471	20733	19241	

721	4	9	1
319	167	162	49	225	107	428	45	57	332	236	232	
7	6	1	12	8	
428	107	319	232	45	
2831	4350	7715	27435	2421	

721	4	10	1
203	447	185	194	349	29	233	121	259	126	356	108	
6	10	1	12	2	2	
29	126	203	108	447	447	
1533	742	6439	4225	35866	2386	

721	4	13	1
367	318	17	390	453	184	191	386	68	56	134	43	
11	8	3	9	
134	386	17	68	
2345	6841	964	915	

721	4	14	1
267	44	375	359	3	54	423	72	456	454	279	301	
1	12	11	
267	301	279	
1373	811	5877	

721	5	7	1
306	242	221	330	351	430	66	478	460	145	321	431	
5	12	1	3	6	-101	
351	431	306	221	430	139	
1415	707	1734	10526	6772	10137	

721	5	13	1
219	402	16	222	309	304	165	115	291	201	255	398	
-99	
481	
104	

721	5	15	1
208	217	286	19	284	170	73	344	366	317	409	361	
12	6	10	7	
361	170	317	73	
3233	21295	555	33791	

721	6	4	1
433	384	297	459	81	130	28	331	33	294	313	94	
4	11	9	1	
459	313	33	433	
1262	742	784	4607	

721	6	6	1
150	402	278	364	168	177	228	362	70	245	176	305	
11	12	-99	7	-106	5	
176	305	481	228	256	168	
867	527	8069	818	10359	10838	

721	6	11	1
428	231	143	203	202	134	237	314	144	354	442	175	
12	9	1	6	7	
175	144	428	134	237	
603	1144	5856	16139	624	

721	7	3	1
347	114	186	464	104	457	15	33	393	160	196	177	
9	11	4	10	8	
393	196	464	160	33	
1568	992	2407	11435	8430	

721	7	6	1
234	474	167	376	117	111	188	326	137	332	72	341	
12	11	
341	72	
1103	624	

721	8	4	1
262	98	252	271	436	300	276	336	478	248	232	36	
9	2	10	5	
478	98	248	436	
3101	693	610	603	

721	8	12	1
376	416	411	21	215	294	283	302	359	282	386	161	
12	10	-99	3	2	1	4	5	
161	282	481	411	416	376	21	215	
1533	3379	3649	3060	3816	673	17582	4669	

721	8	13	1
335	153	5	370	286	179	155	266	156	356	257	314	
6	5	3	8	
179	286	5	266	
3628	1797	6460	700	

721	8	15	1
136	208	52	387	231	415	6	341	214	186	388	303	
10	7	2	11	
186	6	208	388	
1880	3753	13433	16111	

721	9	3	1
214	359	402	165	425	100	196	157	244	195	88	245	
12	1	8	2	
245	214	157	359	
1096	1700	1013	44997	

721	9	9	1
101	68	236	123	403	315	458	63	406	185	31	292	
3	-109	6	7	
236	467	315	458	
1304	2019	548	45691	

721	10	4	1
188	474	122	198	206	410	288	226	46	253	71	308	
8	-107	-304	-106	
226	290	53	439	
2220	1235	7993	6959	

721	10	5	1
87	214	165	358	212	259	325	480	193	354	300	100	
9	10	1	12	
193	354	87	100	
1103	492	471	582	

721	10	9	1
372	265	242	66	382	67	203	440	341	471	437	238	
-306	5	6	4	7	
447	382	67	66	203	
4177	908	1061	1068	4350	

721	10	10	1
142	340	269	68	445	180	22	182	243	466	438	346	
2	11	-110	-99	12	3	-99	
340	438	471	272	346	269	210	
1811	8375	2414	5224	19109	499	513	

841	1	4	1
292	110	127	111	108	287	168	359	470	265	279	241	
9	12	8	5	
470	241	359	108	
2407	3816	6147	6314	

841	1	8	1
296	117	48	441	291	201	390	405	427	217	96	105	
12	2	1	8	11	
105	117	296	405	96	
1769	2935	11261	8611	24146	

841	2	5	1
374	79	60	119	52	271	275	346	105	354	62	90	
9	1	8	6	
105	374	346	271	
1422	1679	23161	25229	

841	2	6	1
298	87	335	65	308	255	339	166	77	4	170	453	
11	-108	7	12	5	
170	346	339	453	308	
1269	4662	10630	5384	3628	

841	2	7	1
244	410	75	17	243	78	1	94	36	40	430	103	
10	8	9	
40	94	36	
1165	2109	52526	

841	2	9	1
266	86	442	311	202	296	183	154	355	164	38	466	
7	12	6	8	9	
183	466	296	154	355	
1137	1103	4232	4149	6321	

841	2	15	1
218	31	5	128	136	383	461	415	135	280	39	429	
12	-108	
429	297	
915	41202	

841	3	5	1
387	232	309	95	228	106	454	156	64	472	367	204	
2	3	5	6	
232	309	228	106	
4170	2935	9998	30148	

841	3	6	1
8	365	408	400	397	103	288	449	273	174	198	143	
12	2	4	6	9	
143	365	400	103	273	
1540	2532	13822	6362	4413	

841	3	10	1
24	90	11	180	157	317	161	125	391	88	104	114	
11	12	8	5	
104	114	125	157	
1665	964	3150	7736	

841	3	12	1
350	98	61	124	403	155	261	203	436	23	131	96	
10	12	8	5	4	2	
23	96	203	403	124	98	
1561	1144	1873	5204	1061	4912	

841	4	7	1
399	245	202	199	146	172	4	357	315	42	135	323	
10	12	9	6	1	
42	323	315	172	399	
1471	1006	19234	1852	7563	

841	4	9	1
85	236	218	98	262	378	248	204	139	114	123	418	
1	12	-112	2	11	
85	418	82	236	123	
1686	1068	2650	4059	13495	

841	5	4	1
193	222	47	426	24	355	365	94	314	252	432	203	
3	12	8	7	5	9	
47	203	94	365	24	314	
2990	5294	4489	5592	7875	20462	

841	5	11	1
257	437	408	397	404	319	419	211	460	438	450	82	
12	1	3	-711	2	
82	257	408	432	437	
922	3719	1582	6022	4059	

841	5	12	1
190	87	109	447	50	277	113	340	239	228	385	26	
9	10	6	4	-109	
239	228	277	447	460	
1103	1484	4392	5800	18346	

841	6	3	1
463	147	402	120	384	7	191	327	61	319	414	78	
11	12	7	8	3	
414	78	191	327	402	
950	1158	1554	1977	7563	

841	6	10	1
2	424	313	35	330	325	332	262	1	122	363	368	
11	6	5	4	-99	-109	
363	325	330	35	481	315	
1304	9693	1658	9672	1790	8125	

841	8	10	1
280	10	365	261	181	229	37	250	369	54	212	265	
5	6	2	
181	229	10	
25312	2671	6029	

841	8	13	1
363	103	206	304	351	143	111	313	271	172	266	98	
8	9	10	4	
313	271	172	304	
1547	846	867	13426	

841	9	6	1
318	417	375	363	151	212	238	229	352	261	88	182	
12	2	9	-110	3	5	
182	417	352	451	375	151	
1387	1290	1221	13683	16805	4766	

841	10	5	1
433	337	407	327	288	253	270	108	109	163	134	446	
12	11	9	5	4	3	6	
446	134	109	288	327	407	253	
1297	978	1040	7722	1276	4204	10866	

841	10	12	1
210	230	390	86	474	221	84	152	158	332	159	150	
2	12	5	6	
230	150	474	221	
1734	1117	13377	4246	

