101	1	1	2
443	212	119	188	26	420	272	75	157	380	476	262	
10	8	11	2	
380	75	476	212	
1741	1235	1845	17152	

101	1	4	2
266	31	431	403	134	15	51	304	112	226	238	452	
4	-99	5	-111	12	
403	65	134	222	452	
1741	2102	1387	4038	4787	

101	1	7	2
326	42	399	95	177	127	358	461	246	49	277	237	
11	8	5	12	
277	461	177	237	
1554	922	2137	2324	

101	1	9	2
84	204	168	117	107	288	130	235	314	365	397	184	
3	12	10	6	1	
168	184	365	288	84	
1339	2185	2678	8430	3060	

101	2	1	2
153	182	477	235	305	270	419	192	165	158	436	142	
2	12	8	6	
182	142	192	270	
1734	1811	2449	13482	

101	2	3	2
340	71	51	110	11	46	33	170	453	42	263	307	
1	9	-106	10	7	
340	453	358	42	33	
1602	1915	15896	4891	2643	

101	2	6	2
130	155	173	258	304	226	146	311	441	349	316	62	
3	1	
173	130	
1811	2907	

101	2	7	2
351	98	416	380	136	206	376	181	56	334	27	129	
3	7	4	11	10	8	5	
416	376	380	27	334	181	136	
1297	1776	2171	3323	2657	11226	5113	

101	2	9	2
13	392	168	389	238	237	61	148	330	236	15	225	
6	11	
237	15	
1262	4718	

101	2	13	2
408	324	377	208	310	209	107	379	188	438	1	344	
12	-99	
344	378	
1158	35838	

101	2	14	2
169	240	382	185	232	178	272	147	202	414	198	224	
6	5	9	
178	232	202	
6425	2456	15910	

101	3	1	2
40	32	108	464	50	62	157	99	437	257	355	346	
1	2	9	
40	32	437	
1873	1942	11039	

101	3	12	2
126	349	326	219	304	284	376	379	4	251	170	231	
11	6	7	
170	284	376	
1325	4343	6099	

101	3	14	2
80	136	410	451	111	343	301	428	241	147	57	260	
11	-905	4	10	
57	116	451	147	
3212	2116	2747	2324	

101	3	15	2
76	12	424	395	333	180	320	291	293	407	247	26	
12	10	8	
26	407	291	
1360	4648	7195	

101	4	1	2
44	107	272	437	96	435	64	52	197	61	133	207	
3	11	2	5	7	12	
272	133	107	96	64	207	
1269	2081	1498	2914	6529	25569	

101	4	11	2
232	286	117	298	461	264	349	252	21	360	98	246	
1	7	6	2	
232	349	264	286	
3226	4676	3462	38648	

101	6	1	2
62	214	235	378	357	192	305	205	175	262	226	435	
3	11	-99	4	8	
235	226	481	378	205	
1769	9464	5023	2602	7459	

101	6	4	2
92	86	407	232	243	354	281	184	242	429	161	188	
2	1	3	5	4	12	8	
86	92	407	243	232	188	184	
3476	1970	2720	2976	2511	15549	12233	

101	6	7	2
193	463	320	28	26	382	371	393	15	98	33	167	
11	6	
33	382	
1762	2824	

101	7	1	2
389	181	109	459	393	180	448	292	112	351	171	266	
10	6	3	2	11	
351	180	109	181	171	
1498	1457	2123	2310	4857	

101	7	7	2
156	105	60	174	209	416	64	8	168	18	79	316	
8	9	2	11	
8	168	105	79	
2289	1207	2484	2151	

101	7	12	2
447	420	82	74	228	185	479	197	150	193	452	290	
12	4	5	-99	1	
290	74	228	481	447	
1221	6619	2157	15265	1214	

101	7	13	2
119	214	223	385	274	97	435	428	149	418	325	35	
-99	
481	
1401	

101	8	1	2
210	4	87	464	189	180	190	233	406	347	193	36	
12	6	3	2	
36	180	87	4	
985	957	7778	16299	

101	8	4	2
184	269	475	352	81	251	26	18	155	255	396	9	
2	-312	5	11	
269	36	81	396	
1401	1144	2733	2275	

101	8	9	2
97	386	206	28	440	432	57	468	209	80	49	47	
12	
47	
811	

101	8	12	2
133	21	305	399	40	213	377	194	24	310	228	123	
8	12	2	
194	123	21	
1935	1464	1047	

101	8	14	2
285	325	272	78	384	257	344	8	58	163	177	306	
12	6	9	2	
306	257	58	325	
867	3809	4343	10685	

101	9	1	2
34	11	223	308	132	288	380	450	247	338	125	251	
1	3	5	4	6	
34	223	132	308	288	
1255	1262	3066	5932	7257	

101	9	5	2
218	265	27	116	85	123	429	314	342	346	74	476	
11	10	4	8	6	
74	346	116	314	123	
1588	978	2192	13676	40945	

101	9	7	2
79	306	57	396	211	348	166	244	93	340	139	121	
12	1	2	
121	79	306	
1720	13044	7070	

101	9	11	2
135	35	255	363	221	354	307	16	262	316	341	24	
7	8	4	2	
307	16	363	35	
992	1096	797	14689	

101	9	12	2
81	10	97	107	252	14	232	395	176	403	47	266	
6	
14	
2234	

101	9	15	2
347	104	250	472	436	65	9	43	243	386	452	210	
11	-112	
452	370	
1831	22391	

101	10	1	2
355	191	121	28	3	226	195	296	25	176	322	18	
10	9	4	12	2	
176	25	28	18	191	
1089	936	2331	1387	15716	

101	10	5	2
145	336	302	190	401	238	23	283	112	390	469	275	
-99	3	11	
338	302	469	
1401	2102	2650	

101	10	7	2
231	451	198	288	89	77	320	209	257	311	292	210	
2	12	10	5	
451	210	311	89	
1269	1394	1144	2393	

141	1	1	2
42	316	72	252	430	128	67	37	447	190	358	465	
-99	6	
481	128	
1949	11081	

141	2	1	2
112	265	83	96	123	292	280	139	45	54	392	85	
10	9	12	7	6	
54	45	85	280	292	
1713	1741	1790	5412	4995	

141	2	5	2
40	143	105	469	251	328	16	424	90	69	443	249	
1	3	6	7	10	
40	105	328	16	69	
11900	2262	3379	2192	10456	

141	2	7	2
116	284	120	480	346	336	193	176	162	137	290	350	
1	9	7	
116	162	193	
13405	3330	12219	

141	2	12	2
75	187	275	302	305	190	39	25	252	317	30	335	
11	12	
30	335	
1741	12212	

141	2	13	2
464	122	239	212	266	168	465	211	259	247	234	2	
1	6	10	7	12	
464	168	247	465	2	
1318	1491	1935	1713	1609	

141	2	15	2
389	70	10	50	357	238	65	281	393	366	377	303	
2	7	11	12	6	
70	65	377	303	238	
1588	1637	1686	1928	4676	

141	3	1	2
406	77	139	137	348	255	236	48	160	174	57	46	
10	8	9	4	1	11	3	
174	48	160	137	406	57	139	
1616	1602	1200	1831	4954	21038	13024	

141	3	7	2
25	136	118	251	386	107	240	211	405	223	334	257	
5	11	2	9	
386	334	136	405	
1922	2088	2484	1200	

141	3	9	2
417	229	200	125	459	132	227	222	13	56	207	204	
3	9	1	10	
200	13	417	56	
2921	2900	7854	4308	

141	3	10	2
187	422	463	144	208	131	164	290	273	330	133	267	
3	8	9	2	6	
463	290	273	422	131	
2095	1436	1693	2303	1762	

141	4	1	2
326	194	263	145	169	431	463	203	271	83	456	157	
9	8	4	3	12	5	1	
271	203	145	263	157	169	326	
1797	1498	1547	1096	1706	15653	4676	

141	4	3	2
300	28	135	180	307	37	163	155	198	406	232	318	
11	7	2	
232	163	28	
1290	1360	5995	

141	4	12	2
472	383	290	18	59	412	66	192	88	410	146	341	
2	3	12	
383	290	341	
1519	1658	1436	

141	4	14	2
42	392	95	479	35	356	209	182	261	62	168	188	
11	1	4	7	
168	42	479	209	
3608	2206	4385	3524	

141	5	1	2
42	58	441	394	340	357	50	249	51	317	454	132	
1	7	5	
42	50	340	
1415	1235	5134	

141	5	3	2
122	372	137	181	140	460	293	172	390	74	425	148	
5	10	12	4	
140	74	148	181	
1228	1734	35491	15251	

141	5	5	2
28	382	369	311	336	213	184	226	2	427	65	18	
12	1	11	3	6	5	7	
18	28	65	369	213	336	184	
1131	1609	1471	6744	5724	10234	5211	

141	5	6	2
444	47	55	154	278	243	131	331	327	424	119	395	
9	10	2	4	1	
327	424	47	154	444	
1790	1193	2747	1318	1609	

141	5	9	2
129	438	150	146	202	388	214	272	288	159	40	271	
2	1	11	12	3	
438	129	40	271	150	
1568	1297	1387	1394	3413	

141	5	10	2
153	270	347	319	43	97	370	142	166	286	376	276	
8	12	11	9	2	
142	276	376	166	270	
1540	1179	1540	26506	22870	

141	5	11	2
84	371	263	414	338	186	134	80	282	398	337	322	
11	9	12	1	
337	282	322	84	
1179	1471	1505	1422	

141	5	12	2
24	203	163	143	194	168	358	434	56	157	11	281	
3	8	1	10	6	9	12	
163	434	24	157	168	56	281	
1915	1484	1609	1790	6411	1686	37157	

141	5	13	2
151	280	385	235	426	118	95	128	451	318	315	139	
10	8	12	11	
318	128	139	315	
1373	1408	1824	30724	

141	6	1	2
50	142	182	62	69	295	152	91	362	364	308	128	
2	1	12	9	11	8	
142	50	128	362	308	91	
1276	1318	1436	1471	1582	10713	

141	6	5	2
26	331	369	355	135	232	17	449	276	420	117	136	
12	9	6	11	2	7	
136	276	232	117	331	17	
1672	1186	1283	1429	3177	10928	

141	6	7	2
341	56	161	198	376	235	79	323	114	447	10	459	
10	6	12	
447	235	459	
7167	11872	1991	

141	6	15	2
65	397	339	200	212	463	306	261	309	30	315	13	
1	7	11	10	4	
65	306	315	30	200	
1325	1526	1561	3837	17027	

141	7	1	2
165	46	319	21	231	162	430	40	26	360	151	328	
12	4	8	10	7	1	6	
328	21	40	360	430	165	162	
1408	1297	1297	1339	1512	1484	6161	

141	7	3	2
477	97	267	186	309	272	122	124	230	416	179	4	
5	8	1	6	
309	124	477	272	
9311	1450	13371	6480	

141	7	4	2
189	192	172	98	238	313	318	253	56	105	343	143	
11	9	3	
343	56	172	
1706	10366	23480	

141	7	5	2
220	345	86	279	194	223	129	72	190	109	295	249	
10	11	7	5	
109	295	129	194	
1429	1776	3115	12337	

141	7	6	2
89	9	159	297	148	209	462	22	218	454	294	344	
12	11	6	5	10	
344	294	209	148	454	
1519	1595	2220	8652	34902	

141	7	12	2
227	347	51	85	258	317	468	322	130	28	14	406	
11	12	5	4	
14	406	258	85	
1380	1436	44200	1283	

141	7	13	2
18	307	182	134	108	266	326	92	202	81	264	126	
12	11	8	5	1	
126	264	92	108	18	
1623	1082	1464	1582	1686	

141	8	1	2
457	341	143	291	178	44	187	64	137	225	396	35	
1	12	11	7	4	
457	35	396	187	291	
1755	1450	3628	1325	11011	

141	8	7	2
306	94	376	67	221	5	170	232	322	280	207	451	
8	1	7	10	
232	306	170	280	
2497	8860	3476	21940	

141	8	10	2
301	290	88	222	81	31	22	204	79	168	185	337	
12	-203	6	
337	463	31	
1845	5148	13995	

141	8	14	2
441	191	316	312	372	69	169	266	71	321	254	126	
12	2	
126	191	
2137	23994	

141	8	15	2
276	9	253	159	359	7	305	55	72	174	214	382	
11	12	1	
214	382	276	
1255	1575	51305	

141	9	1	2
191	399	37	34	82	480	319	4	114	466	243	415	
1	2	10	11	8	9	3	6	4	
191	399	466	243	4	114	37	480	34	
1207	1103	1415	4544	5918	6702	10616	1491	3857	

141	9	3	2
11	164	332	133	208	221	109	89	80	378	307	461	
8	
89	
1776	

141	9	7	2
43	384	130	110	259	217	201	144	27	23	101	275	
8	9	7	
144	27	201	
1804	25500	15306	

141	9	10	2
311	348	397	308	446	327	435	463	5	336	283	183	
12	6	1	8	
183	327	311	463	
2310	1852	1935	4912	

141	9	12	2
400	404	105	60	141	411	430	169	436	377	63	427	
3	7	
105	430	
9027	5335	

141	10	1	2
198	381	295	105	325	270	393	353	131	16	221	238	
4	12	1	8	5	3	2	7	
105	238	198	353	325	295	381	393	
1283	1457	1866	1207	1297	1366	8388	10727	

141	10	4	2
357	81	470	253	172	429	426	422	183	47	443	21	
12	11	8	
21	443	422	
1366	1193	1332	

141	10	6	2
74	355	363	349	398	287	418	122	55	369	50	338	
9	10	-212	
55	369	21	
1477	1568	8257	

141	10	7	2
213	170	158	474	220	200	175	109	39	440	155	342	
5	1	
220	213	
1935	52720	

141	10	13	2
168	399	436	26	64	442	37	301	134	209	377	190	
8	12	5	10	
301	190	64	209	
1255	1179	1894	4995	

181	1	1	2
143	346	35	213	3	292	297	269	290	403	33	364	
11	12	10	7	4	3	2	1	12	
33	364	403	297	213	35	346	143	364	
3094	1887	1942	2074	1831	1998	1630	1922	22086	

181	1	3	2
100	348	156	198	69	77	392	281	476	40	148	311	
7	12	1	3	11	9	8	10	
392	311	100	156	148	476	281	40	
3372	1790	1457	1817	12226	9367	3282	4156	

181	2	1	2
285	73	20	189	153	343	265	268	389	224	110	191	
3	2	4	11	5	12	10	
20	73	189	110	153	191	224	
3254	1568	1776	1727	1582	1894	14023	

181	2	7	2
96	220	81	386	111	240	76	136	164	83	238	19	
2	8	9	4	3	
220	136	164	386	81	
5592	2414	2241	1769	2137	

181	2	8	2
165	1	179	292	375	237	85	203	248	269	279	207	
1	12	3	4	2	
165	207	179	292	1	
4003	3025	10262	2837	3559	

181	2	9	2
148	58	393	171	119	447	161	205	200	126	358	160	
1	6	8	3	2	
148	447	205	393	58	
2255	1540	1734	15362	12600	

181	2	11	2
208	468	255	319	434	394	202	328	166	92	314	70	
10	5	9	11	2	12	
92	434	166	314	468	70	
2664	2040	1811	4211	6022	2650	

181	2	15	2
95	204	222	259	466	121	233	400	176	10	325	431	
9	6	12	10	5	3	-606	
176	121	431	10	466	222	447	
3656	2491	2504	27283	3913	3851	8978	

181	3	1	2
371	68	151	411	456	468	96	131	351	301	424	386	
1	2	6	10	4	11	9	
371	68	468	301	411	424	351	
2074	2477	2997	2844	2033	2567	29260	

181	3	4	2
78	388	339	213	157	81	259	64	230	239	408	173	
12	10	3	6	4	-107	
173	239	339	81	213	70	
2692	2470	2720	3524	2428	8846	

181	3	8	2
210	216	195	347	52	288	299	37	398	374	67	245	
1	2	3	8	10	-106	12	
210	216	195	37	374	331	245	
3358	2248	2303	2678	1998	13662	10241	

181	3	9	2
420	469	430	53	319	130	86	466	103	463	19	59	
6	7	12	8	1	
130	86	59	466	420	
3261	1706	1637	1637	1630	

181	4	1	2
292	474	24	450	64	458	78	332	412	365	31	277	
2	5	6	8	9	12	1	10	
474	64	458	332	412	277	292	365	
5606	1630	1797	1443	1477	1908	3698	2012	

181	4	4	2
299	272	141	111	82	148	323	333	133	139	20	353	
1	3	2	12	8	6	11	
299	141	272	353	333	148	20	
3427	1533	1561	2560	4114	2151	7826	

181	4	9	2
84	433	234	62	150	391	459	167	58	108	118	5	
12	7	8	5	10	1	-806	4	
5	459	167	150	108	84	458	62	
6973	2477	2268	2546	6800	7792	4073	5509	

181	4	11	2
28	260	211	244	212	182	387	8	43	208	137	418	
1	3	5	-112	12	7	8	11	
28	211	212	32	418	387	8	137	
3566	2615	2518	2019	2157	21995	14980	1679	

181	5	1	2
436	129	158	80	23	235	1	114	343	19	266	150	
1	3	7	9	12	4	6	2	
436	158	1	343	150	80	235	129	
3164	2088	2289	1824	2012	2144	1894	2026	

181	5	3	2
445	63	60	351	156	184	418	194	223	467	263	182	
12	6	9	-102	8	5	10	
182	184	223	289	194	156	467	
2220	3344	7563	2497	2046	1588	24313	

181	5	5	2
336	405	12	379	201	98	21	77	183	389	76	329	
9	1	12	3	4	10	
183	336	329	12	379	389	
3247	2595	3587	2546	2095	2289	

181	5	7	2
134	363	344	254	73	160	302	400	161	72	208	247	
12	8	10	3	2	1	11	
247	400	72	344	363	134	208	
3302	1887	2546	13891	2976	2858	8201	

181	6	1	2
305	144	377	438	331	477	193	478	138	159	10	56	
10	11	7	5	12	4	
159	10	193	331	56	438	
4281	3379	3254	2886	10179	23328	

181	6	5	2
49	188	79	218	197	121	103	312	439	182	288	217	
12	6	-106	7	9	8	5	
217	121	125	103	439	312	197	
3566	2664	7375	9117	2567	10220	2942	

181	6	10	2
301	323	244	80	245	139	253	183	341	434	262	428	
11	8	1	5	3	10	4	2	
262	183	301	245	244	434	80	323	
3420	2567	29392	3906	1679	1922	8604	7584	

181	7	1	2
225	145	10	50	25	230	429	408	14	343	131	344	
3	12	9	5	6	4	10	1	
10	344	14	25	230	50	343	225	
3330	2144	2400	2296	2088	2685	3219	2352	

181	7	6	2
82	155	275	440	273	419	68	295	144	28	47	170	
2	12	5	3	
155	170	273	275	
3497	2518	10540	3247	

181	7	10	2
2	174	307	354	190	251	269	381	325	208	237	122	
1	7	12	
2	269	122	
11018	2504	11310	

181	7	13	2
455	215	77	245	221	35	1	409	222	206	71	179	
2	1	6	8	
215	455	35	409	
3774	2137	2602	2289	

181	7	14	2
246	34	260	134	193	250	11	23	402	443	201	191	
2	-1303	4	3	12	
34	10	134	260	191	
7653	2629	2324	17596	16687	

181	8	1	2
212	210	17	133	45	147	181	265	154	262	242	260	
3	12	10	6	2	1	9	
17	260	262	147	210	212	154	
2928	2317	2040	2352	2144	2123	1887	

181	8	3	2
151	208	157	365	371	296	415	272	232	130	162	409	
1	11	12	10	9	-99	7	-101	4	5	
151	162	409	130	232	106	415	315	365	371	
3628	1776	1845	2622	9755	4003	1922	4961	5842	1505	

181	8	6	2
35	369	88	22	384	186	187	402	291	146	36	3	
1	2	3	4	5	10	7	
35	369	88	22	384	146	187	
3587	1783	1942	2428	1915	5530	40348	

181	8	9	2
241	432	404	223	255	293	355	246	316	95	14	104	
2	7	10	12	6	9	11	
432	355	95	104	293	316	14	
4669	2491	2837	7195	5786	2782	5086	

181	8	11	2
214	167	256	321	116	284	184	403	445	52	40	421	
1	11	9	
214	40	445	
7549	4177	20247	

181	8	13	2
362	149	175	19	74	259	399	247	305	24	89	195	
3	11	6	
175	89	259	
4760	2942	4503	

181	8	15	2
11	205	349	277	366	413	222	251	53	171	221	340	
12	2	3	-105	10	-108	
340	205	349	10	171	62	
2872	2012	1804	2428	8798	3053	

181	9	1	2
439	11	119	396	213	210	361	422	427	332	157	43	
8	10	5	7	1	-99	4	
422	332	213	361	439	10	396	
3066	1769	1741	1658	2199	1706	10859	

181	9	6	2
142	1	113	67	111	384	264	316	415	428	121	447	
1	-99	-99	-106	9	
142	481	128	298	415	
3101	2615	20	4343	20885	

181	10	1	2
9	265	114	243	328	436	51	432	55	101	305	161	
6	10	3	11	4	5	1	7	
436	101	114	305	243	328	9	51	
4170	2185	2040	2303	2171	2241	2199	2921	

181	10	4	2
92	349	296	413	96	417	117	94	20	38	318	178	
11	1	8	6	12	
318	92	94	417	178	
3226	2185	2560	10588	8985	

181	10	5	2
152	71	138	89	224	182	424	103	268	383	170	279	
8	10	1	-307	-108	3	-406	
103	383	152	467	94	138	436	
4093	4093	2622	2366	7931	6244	8146	

181	10	7	2
199	25	81	420	334	434	351	257	440	477	124	15	
2	4	6	7	10	11	
25	420	434	351	477	124	
8909	4614	4239	2914	2470	3386	

181	10	14	2
298	3	126	221	203	83	212	288	60	423	149	326	
5	6	3	4	2	
203	83	126	221	3	
2352	2171	2088	2102	28553	

181	10	15	2
48	78	219	176	189	175	179	280	164	409	369	241	
1	2	3	4	9	7	12	6	6	5	
48	78	219	176	164	179	241	175	175	189	
2942	1658	1942	4052	1776	2005	1783	1797	2366	1353	

201	1	1	2
212	158	315	249	388	59	96	70	283	331	79	257	
-99	12	6	3	10	5	
481	257	59	315	331	388	
3573	2060	4378	2789	10262	4683	

201	1	8	2
147	452	352	152	382	354	112	14	450	411	279	11	
8	12	7	10	-99	-99	
14	11	112	411	481	479	
2206	1686	3497	6654	11691	13884	

201	2	1	2
234	22	110	129	68	422	106	34	442	203	392	84	
6	3	8	12	11	1	9	
422	110	34	84	392	234	442	
1124	929	1006	1526	721	4746	11865	

201	2	3	2
213	236	114	26	73	148	21	82	217	298	313	180	
12	-211	1	2	-112	8	
180	392	213	236	296	82	
1422	10206	5842	950	9041	4662	

201	2	7	2
350	380	329	41	394	71	424	290	412	122	11	452	
5	11	12	8	-403	
394	11	452	290	114	
1193	1158	1040	1360	26873	

201	2	9	2
18	398	339	432	35	346	308	87	289	81	305	435	
12	7	1	11	9	-604	
435	308	18	305	289	26	
2164	784	14488	29982	9457	2067	

201	3	1	2
172	204	294	442	22	466	432	14	299	341	349	12	
12	11	9	3	4	8	
12	349	299	294	442	14	
1207	818	1068	3039	10297	8888	

201	3	13	2
333	389	42	296	111	342	231	210	6	311	8	140	
6	2	-101	
342	389	235	
3288	915	13065	

201	4	1	2
184	388	332	120	172	139	342	461	38	158	44	331	
11	12	3	2	6	9	
44	331	332	388	139	38	
2026	1894	1901	1491	3767	8673	

201	4	6	2
202	152	343	68	19	453	255	156	134	257	39	5	
12	10	7	-99	6	
5	257	255	481	453	
2532	2373	36935	7466	2726	

201	4	9	2
337	386	279	71	141	449	57	132	30	189	320	235	
12	2	8	6	-706	
235	386	132	449	427	
2123	846	1061	7452	11254	

201	4	13	2
88	94	305	53	319	423	374	309	410	253	214	355	
8	11	-99	-99	7	-104	
309	214	481	481	374	48	
2102	818	908	3379	12260	7368	

201	4	14	2
87	110	289	226	470	102	21	221	256	430	212	330	
12	-112	10	4	
330	355	430	226	
2227	36262	8000	3330	

201	4	15	2
8	452	196	194	334	358	147	300	478	200	272	90	
12	9	-202	
90	478	94	
1394	38191	8076	

201	5	1	2
403	322	4	281	124	81	118	43	69	239	144	68	
1	10	3	4	9	8	11	
403	239	4	281	69	43	144	
1956	1040	1179	735	1290	3823	46253	

201	5	7	2
82	370	206	460	195	439	108	398	58	371	120	225	
-99	
479	
25930	

201	5	9	2
235	373	389	299	163	145	391	227	11	320	201	364	
12	1	
364	235	
2775	4676	

201	5	12	2
381	197	343	413	310	467	9	158	339	388	167	430	
10	-708	
388	372	
1075	978	

201	5	15	2
331	112	199	375	423	312	157	246	447	93	259	21	
3	7	9	
199	157	447	
1089	756	2067	

201	6	1	2
428	372	262	432	285	320	41	98	39	226	100	463	
12	10	11	4	1	9	
463	226	100	432	428	39	
2227	1262	1221	1415	7549	11122	

201	6	6	2
124	324	180	268	207	461	239	316	80	201	282	392	
12	3	5	11	9	-107	
392	180	207	282	80	69	
1831	1061	1457	11830	4732	2539	

201	6	11	2
205	379	314	344	478	321	470	457	455	215	193	374	
12	
374	
2262	

201	7	1	2
3	69	40	15	177	52	329	371	6	237	387	240	
1	2	9	8	7	3	11	4	10	
3	69	6	371	329	40	387	15	237	
1339	964	1394	1186	1110	3830	895	9873	2248	

201	7	14	2
66	273	170	65	296	465	433	316	85	92	171	213	
3	2	4	8	
170	273	65	316	
2421	902	846	13995	

201	8	1	2
305	243	148	194	448	330	355	118	289	18	393	165	
9	11	10	1	6	
289	393	18	305	330	
1151	797	1137	7063	16458	

201	8	4	2
394	432	298	125	35	216	461	134	68	57	421	84	
11	10	9	-309	
421	57	68	289	
957	1026	1665	13606	

201	8	6	2
297	291	48	115	106	244	138	4	33	443	388	176	
-99	9	7	
301	33	138	
1117	832	3809	

201	9	1	2
1	228	312	332	224	319	142	236	122	97	289	385	
1	5	2	11	8	3	
1	224	228	289	236	312	
1075	1131	1873	2262	6626	23938	

201	9	10	2
463	153	31	272	430	29	33	115	184	393	106	237	
12	9	3	2	4	
237	184	31	153	272	
1401	1547	2282	1457	1963	

201	9	11	2
263	231	101	91	441	284	194	438	185	389	227	15	
5	11	
441	227	
16646	2539	

201	10	1	2
461	362	146	244	333	157	282	323	314	120	471	97	
1	9	-99	10	12	4	
461	314	481	120	97	244	
2157	1519	1429	2865	1935	3573	

201	10	4	2
42	92	140	320	26	64	46	270	37	23	300	420	
10	12	2	
23	420	92	
2768	1533	6279	

201	10	7	2
9	76	179	400	356	15	340	53	35	183	221	145	
6	7	
15	340	
1332	2102	

201	10	8	2
295	469	256	235	63	101	191	80	114	47	479	217	
12	10	
217	47	
1235	1700	

241	1	1	2
394	296	106	359	358	347	176	114	253	66	287	364	
11	10	12	
287	66	364	
1700	1228	763	

241	1	5	2
467	302	252	300	30	148	352	293	274	279	444	162	
12	3	4	8	9	7	
162	252	300	293	274	352	
1491	582	1020	13412	13960	18838	

241	1	11	2
32	144	396	120	343	416	227	310	266	231	405	361	
12	8	10	5	2	1	11	
361	310	231	343	144	32	405	
1561	1866	666	589	735	3830	2393	

241	1	15	2
220	19	125	439	387	134	374	471	474	245	4	169	
6	4	3	2	12	9	11	
134	439	125	19	169	474	4	
1415	575	575	568	1276	12656	12330	

241	2	1	2
389	193	161	384	29	263	38	13	436	214	260	80	
11	1	8	7	-99	
260	389	13	38	481	
1644	444	3219	832	17881	

241	2	8	2
150	118	457	181	42	57	249	380	450	442	43	92	
12	11	5	9	8	2	4	
92	43	42	450	380	118	181	
1103	1477	1512	1360	1269	2255	1651	

241	2	11	2
287	152	59	169	418	404	391	266	107	300	3	405	
12	2	10	11	3	6	
405	152	300	3	59	404	
950	1339	1006	3094	4017	20046	

241	3	1	2
234	388	247	449	204	283	322	437	397	447	84	439	
12	3	6	10	9	4	
439	247	283	447	397	449	
791	881	1047	1547	1054	8576	

241	3	4	2
239	315	341	49	385	63	192	475	339	178	298	289	
1	11	
239	298	
12344	2255	

241	3	6	2
351	150	419	297	126	132	93	206	47	368	230	215	
10	9	11	
368	47	230	
832	943	1457	

241	3	9	2
168	279	179	138	44	125	169	284	31	110	409	478	
11	2	3	1	6	10	
409	279	179	168	125	110	
728	811	707	534	4086	52582	

241	3	11	2
352	139	58	389	381	418	452	64	163	94	308	355	
7	1	3	6	12	
452	352	58	418	355	
1040	1193	3212	444	8055	

241	3	13	2
182	173	79	30	410	404	87	435	379	114	59	318	
6	11	7	
404	59	87	
1866	853	2664	

241	3	14	2
197	348	36	135	133	136	440	3	373	255	128	282	
3	11	
36	128	
8395	1013	

241	4	1	2
141	391	415	43	410	361	461	36	285	367	13	93	
8	11	1	4	9	3	12	
36	13	141	43	285	415	93	
534	666	603	645	1131	6008	6342	

241	4	3	2
115	73	422	66	340	406	78	264	18	169	290	97	
4	3	7	11	1	12	
66	422	78	290	115	97	
1748	3635	943	1464	3129	971	

241	4	6	2
320	407	11	154	268	106	301	87	274	344	282	144	
12	11	9	4	3	8	
144	282	274	154	11	87	
1262	1457	1387	2449	784	2768	

241	4	14	2
247	182	409	253	286	304	22	34	207	437	454	366	
12	9	1	3	2	
366	207	247	409	182	
721	1457	1824	8437	1103	

241	5	1	2
201	91	194	168	62	21	6	51	274	227	343	73	
4	6	3	8	-99	11	
168	21	194	51	286	343	
721	846	2102	1290	9159	3379	

241	5	6	2
187	222	18	275	391	185	2	59	53	111	121	235	
1	8	6	-99	3	-302	
187	59	185	13	18	28	
1457	610	562	673	2706	895	

241	5	8	2
246	249	38	143	82	68	104	344	209	165	94	271	
12	4	-212	
271	143	235	
1373	811	666	

241	5	9	2
338	474	192	288	130	42	169	112	437	469	57	228	
12	10	3	7	11	
228	469	192	169	57	
1137	874	1727	555	29163	

241	5	13	2
199	268	302	321	458	415	346	304	427	24	428	366	
12	-105	4	
366	54	321	
763	1075	2123	

241	5	15	2
157	342	353	74	283	244	359	322	436	34	140	399	
8	5	-109	1	2	
322	283	334	157	342	
832	568	2831	3018	6203	

241	6	1	2
5	132	315	87	209	31	102	318	387	118	423	261	
12	10	11	7	
261	118	423	102	
589	693	589	2116	

241	6	3	2
89	464	403	461	295	42	264	179	391	382	257	47	
10	12	3	
382	47	403	
659	895	3823	

241	6	5	2
477	386	370	319	76	140	161	251	260	349	434	168	
12	6	11	
168	140	434	
575	1137	978	

241	6	6	2
478	199	422	164	208	197	139	234	38	82	196	236	
12	4	11	5	
236	164	196	208	
1304	1255	1248	6737	

241	6	10	2
48	243	238	186	59	25	339	271	148	21	114	62	
8	5	
271	59	
922	548	

241	6	12	2
122	156	340	188	435	4	472	279	249	121	241	453	
11	4	3	
241	188	340	
659	686	666	

241	6	13	2
95	449	160	235	277	322	309	384	440	166	189	27	
12	11	
27	189	
992	6848	

241	7	1	2
214	189	16	411	123	22	416	366	207	305	35	82	
6	2	5	10	3	
22	189	123	305	16	
513	492	763	9526	784	

241	7	3	2
339	149	320	173	80	279	114	34	267	330	399	43	
12	9	
43	267	
707	4156	

241	7	4	2
198	386	121	122	120	272	26	203	104	61	293	92	
12	11	-112	
92	293	43	
568	693	5918	

241	7	7	2
337	79	377	70	89	447	159	174	421	358	461	310	
10	9	1	
358	421	337	
645	2324	839	

241	7	13	2
156	15	375	209	396	220	445	46	50	54	109	64	
11	12	-906	-110	10	-99	
109	64	272	254	54	481	
374	430	2213	3913	4197	5384	

241	7	15	2
280	253	181	458	183	155	260	204	179	285	391	449	
10	7	3	-206	
285	260	181	220	
319	1450	5384	1082	

241	8	1	2
440	199	409	86	246	419	234	188	95	144	116	167	
10	8	1	3	2	4	5	
144	188	440	409	199	86	246	
527	700	1158	444	534	1228	610	

241	8	8	2
293	89	233	202	437	164	132	172	184	326	375	174	
7	
132	
700	

241	8	9	2
480	222	266	82	52	270	241	354	99	37	457	281	
5	
52	
11906	

241	8	15	2
80	278	288	461	193	137	125	385	411	75	56	283	
-108	12	11	
57	283	56	
395	825	2296	

241	9	1	2
199	339	197	165	282	46	2	266	60	138	204	205	
5	12	6	4	3	2	1	
282	205	46	165	197	339	199	
423	638	707	652	3011	555	645	

241	9	3	2
218	166	13	48	161	152	170	98	151	433	349	206	
11	7	
349	170	
305	4947	

241	9	5	2
64	131	331	228	158	55	133	283	405	115	271	107	
11	9	-301	
271	405	319	
784	6404	3393	

241	10	1	2
10	254	457	423	257	104	328	435	54	283	455	62	
1	11	5	9	
10	455	257	54	
610	631	1061	5641	

241	10	10	2
40	270	297	354	91	96	364	146	228	374	245	36	
7	
364	
971	

261	1	1	2
11	154	252	134	479	293	79	57	82	3	333	118	
8	12	2	5	
57	118	154	479	
1477	2040	1741	30995	

261	1	7	2
90	220	165	224	456	283	477	210	313	170	176	114	
12	7	11	
114	477	176	
1984	5759	3552	

261	1	10	2
263	128	301	401	123	437	177	230	64	150	372	214	
11	12	4	-206	
372	214	401	104	
1790	1131	10137	39884	

261	1	13	2
215	346	28	92	314	6	146	387	464	449	151	192	
9	12	1	8	
464	192	215	387	
1401	13794	4982	5127	

261	2	1	2
361	352	309	47	183	34	328	324	68	270	98	200	
2	12	9	3	11	
352	200	68	309	98	
2435	1151	791	4003	10623	

261	2	6	2
6	234	192	323	255	187	188	346	448	462	197	282	
12	3	
282	192	
1186	1859	

261	2	10	2
186	291	222	302	225	53	325	203	260	452	20	387	
6	
53	
8652	

261	3	1	2
296	48	128	458	137	125	255	302	248	188	113	147	
10	11	5	1	4	
188	113	137	296	458	
1693	888	1304	11060	853	

261	3	7	2
175	444	281	381	329	415	267	334	82	159	173	422	
12	3	
422	281	
1207	10907	

261	3	8	2
97	323	161	382	370	100	234	105	272	461	436	225	
10	12	
461	225	
6855	6612	

261	3	9	2
340	186	160	254	131	229	273	126	356	433	30	345	
10	8	12	
433	126	345	
7438	4426	11476	

261	3	10	2
110	123	16	202	471	51	63	339	32	417	430	227	
9	12	3	
32	227	16	
3393	4510	4850	

261	3	14	2
349	18	286	251	212	191	138	62	199	346	50	106	
4	-206	
251	250	
41965	3330	

261	4	1	2
103	100	471	461	416	184	293	196	49	38	392	153	
4	12	2	6	10	
461	153	100	184	38	
1477	950	874	1221	936	

261	4	7	2
176	136	395	267	457	307	13	57	263	160	40	345	
11	1	6	
40	176	307	
2428	7327	2393	

261	4	12	2
19	183	220	465	402	180	399	74	211	237	123	133	
6	2	
180	183	
6945	19511	

261	5	1	2
85	334	148	150	269	251	416	363	335	207	115	124	
8	12	11	
363	124	115	
1040	6036	15834	

261	5	4	2
294	16	69	204	147	213	30	134	130	244	308	348	
11	1	
308	294	
936	25846	

261	5	6	2
365	242	39	239	89	461	245	94	265	109	77	292	
5	1	12	
89	365	292	
867	16444	27713	

261	5	9	2
15	178	211	234	233	388	187	256	152	179	273	389	
-112	11	
182	273	
8895	33632	

261	6	1	2
101	368	281	356	239	449	257	213	220	25	69	11	
9	10	6	7	3	
220	25	449	257	281	
1214	735	742	3622	21898	

261	6	4	2
169	303	406	2	339	50	222	284	27	67	313	365	
4	12	-210	
2	365	392	
1942	5897	17478	

261	6	7	2
221	55	457	143	99	240	74	359	62	478	153	297	
12	
297	
888	

261	6	8	2
405	79	114	244	267	229	187	476	291	322	274	372	
2	1	-111	-202	12	
79	405	153	137	372	
1297	12628	5016	6529	32064	

261	6	11	2
263	415	471	429	138	371	470	152	147	298	217	135	
11	
217	
2123	

261	6	15	2
360	445	259	21	161	66	453	402	247	7	417	241	
6	10	4	1	
66	7	21	360	
964	2525	3080	14266	

261	7	1	2
198	331	210	205	212	454	440	61	221	321	39	329	
12	4	9	11	5	2	
329	205	221	39	212	331	
1137	832	1422	6924	31175	2497	

261	7	3	2
423	200	67	400	80	139	142	195	460	96	92	363	
12	11	1	6	
363	92	423	139	
1408	1096	9388	23751	

261	7	8	2
334	236	218	100	90	233	149	134	213	64	214	158	
11	
214	
51520	

261	7	11	2
9	186	301	53	40	393	35	369	99	351	220	199	
8	5	
369	40	
1193	47856	

261	7	12	2
340	224	223	8	37	406	293	11	403	348	47	276	
1	8	
340	11	
1908	1054	

261	7	13	2
163	316	332	160	193	13	191	289	187	302	169	177	
12	1	
177	163	
1762	13509	

261	7	15	2
388	140	327	281	266	51	57	387	122	235	203	378	
-110	
315	
24660	

261	8	1	2
146	257	297	206	261	340	135	79	368	82	126	50	
11	7	6	-99	12	
126	135	340	481	50	
1235	1235	1235	1817	7500	

261	8	7	2
123	156	223	51	117	454	424	101	325	85	141	187	
10	
85	
1942	

261	8	12	2
246	127	300	249	258	173	174	39	265	437	104	95	
6	
173	
902	

261	9	1	2
250	81	378	407	411	430	301	319	91	480	80	471	
5	8	6	
411	319	430	
1554	4031	18269	

261	9	4	2
193	280	458	18	23	196	226	294	365	450	181	6	
11	9	6	5	8	
181	365	196	23	294	
1172	2761	2248	4003	16472	

261	9	9	2
262	419	83	11	306	255	145	278	252	472	135	251	
1	9	
262	252	
638	1276	

261	9	10	2
424	50	281	291	331	394	271	208	59	397	248	339	
10	
397	
1471	

261	9	11	2
473	44	370	33	243	322	160	268	45	315	310	143	
10	8	2	
315	268	44	
2359	4669	16618	

261	10	1	2
256	84	351	30	279	93	330	267	44	374	314	127	
9	8	
44	267	
1831	2504	

261	10	7	2
431	58	408	288	418	436	231	270	437	157	98	142	
3	5	1	10	
408	418	431	157	
1380	6820	964	13142	

281	1	1	2
237	184	200	348	48	302	367	351	80	271	339	297	
1	9	6	10	8	2	11	7	
237	80	302	271	351	184	339	367	
3358	902	936	4926	888	4565	2206	19532	

281	1	4	2
39	63	74	205	147	168	155	128	294	246	320	180	
12	10	2	9	
180	246	63	294	
2053	3351	30003	8465	

281	1	7	2
96	37	93	434	236	20	378	254	458	109	373	369	
9	10	12	4	
458	109	369	434	
2206	1228	24493	20885	

281	1	15	2
212	269	466	321	387	118	241	229	235	405	409	217	
10	1	8	12	-111	7	-807	6	
405	212	229	217	102	241	378	118	
1311	1235	659	5988	6175	11733	15390	13218	

281	2	1	2
177	478	364	432	57	128	21	380	118	297	317	109	
11	3	2	12	10	7	-99	
317	364	478	109	297	21	433	
1401	791	1006	749	1908	6543	27713	

281	2	3	2
391	319	213	324	238	139	392	131	315	180	154	420	
9	11	10	
315	154	180	
1693	818	22231	

281	2	4	2
178	295	134	457	198	105	149	244	110	318	73	114	
10	-101	11	
318	391	73	
11941	22793	5155	

281	2	6	2
122	36	429	308	259	195	336	237	385	401	234	65	
6	12	8	-99	-99	-99	-99	-99	
195	65	237	117	481	481	452	481	
2095	797	714	14557	451	1311	2831	1096	

281	2	7	2
347	167	227	206	123	479	127	415	393	451	440	153	
8	12	-99	-202	6	9	
415	153	216	42	479	393	
1915	922	17388	5793	5911	11615	

281	2	13	2
405	117	301	256	304	10	22	23	76	4	292	242	
2	4	3	-503	-801	
117	256	301	19	431	
2948	1734	4704	18283	631	

281	3	1	2
464	84	15	365	166	87	288	213	307	86	83	38	
3	5	8	6	2	3	4	12	
15	166	213	87	84	15	365	38	
2574	1637	1436	2303	1255	4475	5620	5072	

281	3	8	2
154	122	349	209	236	419	435	55	259	34	92	185	
11	10	1	
92	34	154	
1741	881	4801	

281	3	9	2
2	371	391	269	150	176	397	325	144	220	52	452	
6	7	12	
176	397	452	
2296	520	1949	

281	3	11	2
221	298	188	159	61	171	69	243	48	44	206	135	
10	12	3	-909	4	
44	135	188	275	159	
2518	1304	4531	11879	8333	

281	4	1	2
233	359	4	147	353	116	383	80	99	110	335	385	
8	11	1	12	7	6	3	
80	335	233	385	383	116	4	
1977	811	839	832	4503	1165	13183	

281	4	5	2
111	394	257	159	290	299	322	119	329	51	61	454	
11	-112	12	4	8	-103	
61	15	454	159	119	277	
1450	1915	6113	575	20406	26082	

281	4	6	2
67	288	402	54	476	361	103	42	421	107	376	295	
7	9	11	10	-102	8	
103	421	376	107	394	42	
1477	513	777	1880	6647	1512	

281	4	8	2
12	388	270	187	77	283	246	301	136	192	141	170	
11	9	2	8	7	
141	136	388	301	246	
1422	908	2678	15619	3968	

281	4	9	2
281	480	157	219	8	390	360	452	259	10	154	211	
11	-112	10	-302	1	8	
154	170	10	288	281	452	
1380	6515	13225	11032	895	9145	

281	4	10	2
161	253	189	419	204	106	153	210	391	85	183	173	
8	11	1	7	
210	183	161	153	
1318	582	867	43631	

281	5	1	2
380	112	166	153	6	27	187	181	476	128	340	101	
11	12	-99	9	1	
340	101	216	476	380	
1137	922	36130	728	10977	

281	5	6	2
2	249	245	240	197	10	423	86	141	337	272	50	
11	8	9	-112	-99	1	
272	86	141	93	309	2	
2275	13419	9589	5245	9270	10970	

281	5	8	2
87	156	282	316	447	257	88	460	399	137	146	285	
12	11	10	5	-504	
285	146	137	447	48	
1429	797	985	4343	37101	

281	5	9	2
361	157	445	105	102	219	188	421	370	193	293	313	
11	9	10	7	12	
293	370	193	188	313	
1346	1325	3011	2130	3143	

281	5	10	2
161	111	364	178	117	53	142	38	186	253	309	154	
9	7	-305	8	-403	
186	142	174	38	245	
2331	3060	10505	30204	2997	

281	6	1	2
212	36	236	139	459	424	22	226	408	247	415	215	
4	7	10	6	
139	22	247	424	
1235	853	7244	895	

281	6	3	2
224	383	365	71	194	306	271	117	406	32	410	192	
11	-204	7	2	-104	9	5	-103	
410	139	271	383	218	406	194	376	
1165	1242	617	3968	13863	527	11164	10304	

281	6	5	2
468	361	437	3	9	301	198	199	296	433	447	101	
3	9	11	
437	296	447	
2144	6786	28331	

281	6	6	2
175	257	320	278	300	104	42	183	382	331	462	197	
8	10	11	9	7	4	
183	331	462	382	42	278	
1491	603	700	2567	7826	41979	

281	6	8	2
266	250	276	132	309	238	143	255	195	33	105	453	
10	8	9	-206	11	4	5	-99	
33	255	195	104	105	132	309	481	
1852	936	7514	14911	499	1866	18679	4017	

281	6	14	2
371	473	272	378	308	360	211	16	142	387	13	368	
12	8	9	1	7	
368	16	142	371	211	
2914	8451	7493	4142	2657	

281	7	1	2
216	394	298	10	360	316	304	312	51	332	65	143	
10	11	12	1	4	
332	65	143	216	10	
1339	631	617	603	11358	

281	7	6	2
170	467	212	134	367	218	449	192	149	153	113	339	
12	4	5	1	
339	134	367	170	
2393	631	603	25590	

281	7	9	2
401	369	297	52	280	263	68	157	30	204	331	425	
-212	9	11	2	7	11	
82	30	331	369	68	331	
1804	985	721	520	5703	25104	

281	7	12	2
473	13	208	74	468	250	270	61	31	431	377	383	
9	11	12	8	
31	377	383	61	
1443	555	3483	30600	

281	7	14	2
281	80	271	33	265	313	301	428	26	177	294	174	
11	8	-112	-109	1	1	
294	428	239	323	281	281	
1151	527	3434	2921	13086	1783	

281	7	15	2
346	267	46	329	116	160	236	59	73	291	50	142	
10	8	6	
291	59	160	
1332	31044	17111	

281	8	1	2
56	430	210	133	71	97	415	139	410	188	222	349	
11	-99	7	1	
222	242	415	56	
3039	7202	13593	1179	

281	8	6	2
290	145	310	319	261	24	80	117	325	44	323	291	
12	11	10	-104	7	6	
291	323	44	230	80	24	
1047	402	4746	12538	12711	9311	

281	8	10	2
15	343	140	206	259	285	346	120	16	150	404	353	
8	6	5	11	-108	
120	285	259	404	380	
1630	7133	3448	2546	3150	

281	8	13	2
401	370	260	301	14	471	242	3	447	63	34	367	
12	10	5	2	
367	63	14	370	
1436	1415	8243	35200	

281	9	1	2
343	165	155	327	51	392	393	291	432	364	48	131	
8	10	9	3	7	2	4	11	6	
291	364	432	155	393	165	327	48	392	
978	409	610	728	2081	6002	1013	41022	4308	

281	9	9	2
32	439	280	330	246	242	440	446	383	286	204	425	
12	5	4	9	2	10	
425	246	330	383	439	286	
1283	804	7556	1609	4746	4621	

281	9	10	2
363	59	139	125	172	331	134	68	320	158	462	144	
11	-208	4	5	-801	6	
462	176	125	172	162	331	
1304	9186	1887	7271	5113	22606	

281	9	12	2
71	147	1	208	426	412	117	137	424	319	322	262	
5	4	11	9	
426	208	322	424	
4218	4447	9540	5613	

281	10	1	2
170	208	75	22	114	103	301	251	167	144	305	46	
9	2	6	1	-99	8	
167	208	103	170	216	251	
2380	1096	950	4433	7174	846	

281	10	8	2
320	104	268	254	99	420	470	240	354	455	211	285	
11	12	11	12	4	6	
211	285	211	285	254	420	
1602	735	20670	381	3372	1984	

281	10	14	2
193	150	394	87	82	256	290	108	271	399	322	295	
11	9	1	-509	10	
322	271	193	288	399	
2380	485	895	23113	9742	

301	1	1	2
308	154	47	226	81	419	161	168	206	103	248	37	
4	8	10	11	12	
226	168	103	248	37	
3164	652	1373	1519	971	

301	1	4	2
141	380	38	412	56	10	231	172	357	179	216	82	
11	9	4	12	
216	357	412	82	
1928	874	784	5169	

301	1	9	2
118	165	170	174	76	146	151	233	3	326	127	33	
12	3	4	1	5	2	6	
33	170	174	118	76	165	146	
2560	749	1131	1103	2817	3684	13072	

301	1	15	2
184	334	128	411	100	189	378	133	36	102	210	258	
11	12	8	4	5	6	
210	258	133	411	100	189	
1991	992	1547	11351	2324	34277	

301	2	1	2
429	385	389	27	391	136	90	186	292	16	368	456	
1	11	
429	368	
2664	5870	

301	2	13	2
238	457	474	364	275	77	322	100	71	400	303	311	
12	10	11	
311	400	303	
1464	784	1124	

301	3	1	2
472	23	314	431	216	283	447	72	43	319	303	25	
12	10	7	6	5	
25	319	447	283	216	
2248	686	10061	2178	8944	

301	3	3	2
138	42	64	115	273	12	159	224	289	355	350	316	
12	7	
316	159	
28851	27102	

301	3	13	2
80	266	400	402	432	162	147	176	97	190	439	51	
8	10	12	9	3	-805	
176	190	51	97	400	282	
1290	2144	6244	9624	36893	2470	

301	4	1	2
103	31	202	324	53	209	263	56	84	274	57	414	
1	3	10	2	7	
103	202	274	31	263	
2685	1464	4045	1429	13704	

301	4	3	2
479	305	330	88	309	437	157	224	240	264	134	222	
12	11	10	-99	1	4	
222	134	264	304	479	88	
1491	1242	1047	13766	1568	8458	

301	4	4	2
205	356	383	470	215	181	421	4	108	160	315	124	
12	6	5	7	
124	181	215	421	
2886	5113	7251	21142	

301	4	10	2
272	42	460	142	286	298	168	65	223	394	278	321	
11	1	12	8	
278	272	321	65	
6536	3261	10220	6300	

301	4	14	2
110	391	40	426	41	425	20	331	237	294	106	210	
12	10	9	11	-110	
210	294	237	106	200	
6314	8728	7715	13260	10470	

301	5	1	2
406	246	24	476	385	64	325	131	258	362	340	144	
8	9	11	4	3	
131	258	340	476	24	
1429	797	1248	1360	12871	

301	5	4	2
300	191	87	161	142	11	70	7	232	320	209	137	
12	11	10	-99	9	
137	209	320	10	232	
1616	860	1609	1616	17013	

301	5	6	2
389	317	423	17	395	250	125	314	69	333	247	238	
12	8	3	
238	314	423	
1866	1068	1221	

301	5	11	2
450	439	179	255	182	278	214	292	390	466	279	149	
12	9	1	
149	390	450	
1200	867	26492	

301	5	12	2
453	335	73	284	212	376	159	290	198	174	110	230	
12	11	6	8	
230	110	376	290	
3760	5037	11136	5481	

301	5	14	2
321	392	280	207	323	241	34	39	56	312	153	124	
10	12	1	7	
312	124	321	34	
1255	1061	5259	10595	

301	6	1	2
287	41	267	104	365	338	13	320	102	74	343	209	
12	6	2	7	11	
209	338	41	13	343	
1609	915	832	3080	4225	

301	6	7	2
345	182	461	222	142	161	477	464	164	314	302	294	
11	7	9	-99	10	
302	477	164	481	314	
1679	2046	2921	7611	20490	

301	6	11	2
237	417	467	72	36	394	384	271	60	133	205	141	
12	8	7	3	10	
141	271	384	467	133	
1353	1096	2567	6446	8569	

301	6	14	2
480	453	305	105	28	324	220	208	20	14	238	374	
11	8	2	3	10	
238	208	453	305	14	
2053	1013	17360	11143	10276	

301	6	15	2
170	184	214	326	73	421	204	193	178	434	451	153	
12	9	11	1	12	
153	178	451	170	153	
1873	1401	3712	3622	8735	

301	7	1	2
472	91	479	396	64	272	390	357	106	422	253	139	
11	10	2	4	6	
253	422	91	396	272	
1720	1033	1908	2095	10491	

301	7	5	2
71	233	151	246	298	111	320	73	227	94	354	267	
9	12	11	10	
227	267	354	94	
1505	1075	1172	7216	

301	7	10	2
137	169	1	114	248	308	418	121	115	453	345	364	
11	12	1	7	
345	364	137	418	
1949	12663	10165	12267	

301	8	1	2
42	273	340	45	235	299	68	23	221	344	466	49	
2	3	10	7	-99	4	6	1	
273	340	344	68	298	45	299	42	
2227	1040	971	867	1637	4787	23869	5918	

301	8	12	2
218	130	407	462	39	327	422	122	212	170	79	190	
3	12	10	11	
407	190	170	79	
4093	2386	2324	13697	

301	8	13	2
479	442	383	35	178	454	411	275	381	458	227	32	
9	7	4	2	
381	411	35	442	
1235	763	9395	21170	

301	8	15	2
305	276	259	360	303	172	208	368	163	156	109	461	
11	10	1	4	
109	156	305	360	
1366	1380	4308	9977	

301	9	1	2
3	438	143	92	121	233	16	172	393	15	230	165	
8	6	12	11	5	2	8	
172	233	165	230	121	438	172	
1568	645	693	1748	1082	4246	29829	

301	9	6	2
265	75	12	6	352	254	168	284	397	446	22	396	
2	5	12	10	8	
75	352	396	446	284	
1984	728	1505	7216	12337	

301	9	7	2
464	159	316	421	325	384	108	125	186	137	370	450	
9	10	-99	6	
186	137	479	384	
1526	12163	9346	29926	

301	9	8	2
237	403	345	80	307	25	11	236	437	161	336	296	
11	7	10	
336	11	161	
1693	10637	8243	

301	9	12	2
13	24	431	399	245	420	169	31	219	82	129	426	
4	7	1	
399	169	13	
5030	2435	8305	

301	10	1	2
423	36	176	292	61	32	151	222	298	179	25	95	
12	10	1	3	5	
95	179	423	176	61	
1776	1179	1991	2033	17964	

301	10	4	2
261	117	339	248	55	154	323	233	153	53	238	224	
11	2	9	6	12	
238	117	153	154	224	
2116	1131	1450	2976	20372	

301	10	10	2
410	420	181	459	197	413	454	245	159	301	170	111	
11	12	-99	
170	111	481	
1491	1505	26388	

301	10	13	2
230	178	162	270	5	49	85	319	282	306	266	104	
12	1	5	4	
104	230	5	270	
2359	2622	14120	4704	

301	10	15	2
322	180	34	141	303	158	89	366	291	346	137	251	
11	2	7	
137	180	89	
1339	24049	6293	

381	1	1	2
220	472	366	128	275	35	298	398	299	53	393	80	
10	1	11	5	
53	220	393	275	
20913	14842	555	11601	

381	1	3	2
318	161	395	208	88	31	160	454	12	235	156	468	
4	1	5	
208	318	88	
14592	8617	30780	

381	1	5	2
207	427	101	370	60	154	22	177	56	116	272	105	
11	12	8	4	
272	105	177	370	
1602	770	3191	3885	

381	1	9	2
270	382	174	226	91	149	68	368	439	136	117	70	
9	12	10	4	
439	70	136	226	
1436	1137	1457	2137	

381	1	10	2
125	263	312	313	219	392	135	264	172	330	355	295	
12	11	
295	355	
1110	624	

381	1	14	2
432	227	137	281	463	460	404	212	344	457	304	195	
10	6	
457	460	
1047	3962	

381	4	1	2
242	166	201	285	307	16	18	17	85	396	267	245	
11	12	10	6	7	
267	245	396	16	18	
2692	804	1137	5377	832	

381	4	3	2
471	271	101	428	134	366	146	3	464	365	33	234	
12	11	10	2	5	7	9	-103	
234	33	365	271	134	146	464	5	
1165	797	3913	4544	15924	21794	1228	3975	

381	4	5	2
256	465	213	411	106	410	196	79	122	72	282	102	
11	12	10	2	-108	
282	102	72	465	90	
1020	673	2504	9818	5273	

381	4	9	2
198	368	91	296	36	67	419	65	42	159	25	294	
12	2	11	6	5	
294	368	25	67	36	
1679	2102	27394	7764	13273	

381	4	12	2
83	243	94	59	192	416	103	454	6	84	295	447	
12	4	
447	59	
978	22377	

381	5	1	2
28	239	313	140	424	190	334	231	277	63	102	210	
10	12	9	3	4	2	12	
63	210	277	313	140	239	210	
1144	603	700	4156	1311	5204	41972	

381	5	3	2
479	157	98	396	354	235	221	83	115	259	39	118	
12	10	11	
118	259	39	
985	791	38975	

381	5	5	2
54	142	136	60	111	55	346	3	192	199	217	184	
12	11	8	9	3	10	
184	217	3	192	136	199	
1040	825	8215	2137	1700	9533	

381	5	9	2
279	455	67	400	288	330	320	314	435	431	215	241	
11	12	9	8	10	
215	241	435	314	431	
853	638	1137	4489	36955	

381	6	1	2
148	169	112	72	113	164	365	356	343	325	377	257	
10	12	11	7	8	4	1	3	
325	257	377	365	356	72	148	112	
1346	811	1269	1311	5696	8104	10637	8805	

381	6	4	2
273	195	476	457	36	371	378	208	395	392	332	480	
9	12	-212	10	-101	8	1	5	-105	
395	480	406	392	241	208	273	36	210	
1248	742	811	1783	9263	2303	2005	18360	8604	

381	6	6	2
254	266	131	56	255	247	95	246	379	442	357	129	
11	11	12	10	3	8	
357	357	129	442	131	246	
804	1283	797	985	5100	13537	

381	6	10	2
394	85	387	100	281	49	132	136	471	453	300	429	
12	10	8	5	
429	453	136	281	
943	874	9554	3781	

381	6	11	2
262	474	180	1	407	27	268	214	8	6	99	200	
12	1	10	-207	
200	262	6	173	
867	895	3746	19255	

381	7	1	2
418	381	406	210	95	220	99	157	473	446	297	204	
3	1	8	10	7	
406	418	157	446	99	
1151	777	936	13815	5884	

381	7	3	2
123	463	302	173	65	342	61	250	258	433	84	111	
12	-104	11	1	
111	283	84	123	
1013	839	915	6675	

381	7	6	2
43	321	13	71	75	188	137	382	109	102	136	256	
12	9	11	-111	5	4	-104	
256	109	136	24	75	71	449	
1602	1762	1346	3233	13877	3053	1679	

381	7	12	2
360	362	112	386	64	260	33	460	409	304	301	230	
12	11	5	9	10	
230	301	64	409	304	
943	721	1484	12066	5807	

381	7	14	2
345	458	224	82	247	205	350	110	254	132	249	424	
3	10	11	-108	
224	132	249	80	
1013	853	839	30398	

381	8	1	2
288	308	206	315	114	47	455	29	126	352	359	331	
12	10	11	1	6	
331	352	359	288	47	
1339	943	1366	7417	4531	

381	8	3	2
261	152	132	43	75	46	33	131	166	330	9	318	
12	10	4	
318	330	43	
2123	1193	5759	

381	8	8	2
265	425	38	106	476	458	104	110	69	234	262	362	
12	2	11	10	-99	
362	425	262	234	257	
617	867	1429	1318	43853	

381	8	10	2
237	420	70	22	211	15	118	155	268	39	277	320	
12	9	
320	268	
902	610	

381	8	12	2
403	16	146	135	137	375	197	273	196	189	434	67	
12	2	
67	16	
541	1318	

381	9	1	2
61	248	229	97	113	406	249	209	9	334	111	370	
12	11	10	7	1	6	
370	111	334	249	61	406	
874	666	721	693	3011	2005	

381	9	3	2
251	173	102	40	472	238	150	289	418	200	283	137	
11	12	5	7	2	-206	-99	
283	137	472	150	173	406	146	
777	666	6605	1845	971	11504	15910	

381	9	11	2
149	455	372	464	277	164	356	161	466	146	376	105	
11	12	10	5	4	2	
376	105	146	277	464	455	
1193	874	673	25999	12295	4635	

381	10	1	2
111	297	456	318	196	364	187	131	50	30	447	55	
12	10	11	3	5	7	9	12	
55	30	447	456	196	187	50	55	
714	867	846	1068	1096	3046	1991	17832	

381	10	5	2
257	49	41	220	129	185	182	238	9	5	450	6	
11	4	6	-311	
450	220	185	13	
804	756	1221	12573	

421	1	1	2
4	394	338	373	358	67	156	81	68	198	137	250	
2	8	10	12	3	
394	81	198	250	338	
1387	2338	1415	1519	1672	

421	1	3	2
204	46	329	19	41	429	155	194	432	16	259	38	
11	12	6	8	-99	
259	38	429	194	481	
1311	4080	3247	11115	31904	

421	1	6	2
279	61	109	203	224	408	209	55	301	23	62	402	
7	11	8	2	1	6	
209	62	55	61	279	408	
2040	1720	4038	2331	13537	1602	

421	1	10	2
344	173	241	32	52	350	136	101	30	180	199	230	
10	-101	12	3	-106	4	
180	332	230	241	353	32	
2046	4947	2074	3427	17707	9977	

421	1	12	2
347	205	129	21	369	140	76	100	274	183	443	121	
12	10	5	2	4	9	
121	183	369	205	21	274	
1505	1769	1332	2088	4968	2338	

421	1	14	2
474	96	418	172	143	142	82	439	44	263	116	277	
12	1	10	3	8	4	
277	474	263	418	439	172	
1658	1422	1859	11448	21184	4905	

421	2	1	2
120	348	129	96	11	209	271	442	75	150	393	5	
6	5	7	12	11	2	3	
209	11	271	5	393	348	129	
1762	1602	1804	6529	8652	9249	19116	

421	2	4	2
148	325	402	17	450	474	184	253	244	72	246	373	
9	12	11	5	7	3	
244	373	246	450	184	402	
1873	1755	1880	2317	9589	41126	

421	2	12	2
105	191	46	370	142	196	236	103	233	144	381	170	
12	7	10	
170	236	144	
1942	1686	3288	

421	3	1	2
115	100	145	52	107	25	73	257	130	264	311	446	
8	6	10	11	12	11	
257	25	264	311	446	311	
1616	1262	2074	1575	1616	35963	

421	3	3	2
269	70	174	474	279	96	149	327	328	364	153	201	
8	2	1	3	-107	
327	70	269	174	263	
2518	2872	1373	3177	4107	

421	3	4	2
425	43	105	378	183	356	195	382	17	37	158	476	
12	9	10	6	5	
476	17	37	356	183	
1415	1811	1602	4260	35776	

421	3	12	2
337	292	235	118	147	66	287	157	135	340	469	35	
10	12	11	8	-102	
340	35	469	157	191	
1679	2976	2123	5169	12732	

421	4	1	2
352	93	237	406	131	451	390	454	301	230	417	318	
11	3	1	
417	237	352	
2178	2227	6008	

421	4	7	2
325	134	25	354	316	252	163	198	288	291	271	213	
2	12	7	8	10	
134	213	163	198	291	
1630	3538	2414	6161	2137	

421	4	12	2
233	19	333	210	155	273	160	263	130	179	151	217	
7	12	-506	6	
160	217	252	273	
2282	2171	3497	35672	

421	4	15	2
312	39	276	146	231	135	368	165	33	8	174	446	
2	1	5	12	6	
39	312	231	446	135	
1360	1401	2511	2248	10734	

421	5	1	2
5	333	93	130	33	408	170	390	201	438	221	52	
7	1	3	8	
170	5	93	390	
1353	1894	5433	28726	

421	5	6	2
450	353	46	163	366	81	197	119	299	107	90	116	
4	1	5	12	11	
163	450	366	116	90	
1963	1235	1137	1797	4648	

421	5	9	2
113	45	308	203	183	352	312	330	318	38	169	181	
11	12	8	1	10	4	
169	181	330	113	38	203	
1970	2033	1540	6237	8541	24438	

421	5	10	2
193	180	101	128	227	224	319	222	435	75	460	230	
11	3	2	10	6	
460	101	180	75	224	
1824	957	895	1922	5481	

421	5	13	2
243	469	367	250	202	198	383	270	431	361	401	56	
11	9	7	-812	2	1	12	
401	431	383	298	469	243	56	
2706	6258	1949	2636	23383	3080	15091	

421	5	14	2
115	472	386	162	64	84	10	426	200	392	68	118	
4	12	2	-812	7	
162	118	472	116	10	
1887	1519	1908	5696	25048	

421	6	1	2
365	23	44	323	419	127	72	424	178	77	389	237	
2	12	5	
23	237	419	
1866	2185	2005	

421	6	7	2
190	241	100	358	378	115	204	172	425	388	392	196	
2	10	
241	388	
2095	1706	

421	6	15	2
318	284	275	439	218	330	321	398	22	345	343	135	
8	6	9	11	2	
398	330	22	343	284	
1935	1595	1700	1915	1720	

421	7	1	2
350	71	276	223	347	383	366	395	396	370	455	49	
12	8	1	-99	4	
49	395	350	481	223	
2289	1269	1977	2484	2865	

421	7	6	2
27	244	190	251	354	279	301	398	435	274	379	109	
11	8	1	3	2	6	
379	398	27	190	244	279	
1519	1901	2178	1665	1977	2289	

421	7	11	2
424	75	263	460	384	305	443	405	184	194	474	14	
12	-104	
14	150	
1394	32882	

421	8	1	2
358	390	97	479	160	47	5	69	3	147	313	302	
6	1	12	7	4	
47	358	302	5	479	
1360	1602	3857	4614	13794	

421	9	1	2
287	177	79	167	27	80	453	289	69	347	251	257	
4	11	1	5	
167	251	287	27	
1387	2144	2511	14425	

421	9	8	2
42	336	380	330	310	337	364	194	220	51	253	133	
11	12	9	2	4	10	
253	133	220	336	330	51	
1609	1991	3365	32293	8659	1540	

421	9	13	2
202	147	308	153	230	297	292	70	365	296	211	346	
5	9	10	
230	365	296	
1394	1901	24708	

421	10	1	2
472	299	219	280	335	212	18	216	37	49	71	142	
9	8	6	10	7	1	
37	216	212	49	18	472	
2137	1845	1526	2130	16375	7077	

421	10	4	2
254	80	218	132	311	278	425	238	115	231	22	291	
12	11	4	6	5	
291	22	132	278	311	
1706	2345	2504	2220	2851	

421	10	6	2
139	235	387	285	32	455	471	3	130	133	52	92	
12	
92	
2726	

421	10	7	2
463	379	424	357	194	30	384	157	345	154	193	330	
10	11	-111	6	
154	193	52	30	
1311	2060	1609	53116	

421	10	14	2
328	184	294	222	162	213	104	48	243	388	114	160	
12	7	-204	3	5	-909	
160	104	275	294	162	144	
2067	18269	2102	17159	3851	2255	

421	10	15	2
181	297	305	148	215	339	281	268	55	64	322	389	
10	1	9	11	
64	181	55	322	
2574	2504	1811	2185	

521	1	1	2
172	191	85	31	14	409	255	3	203	330	324	403	
1	2	3	5	12	
172	191	85	14	403	
673	784	950	964	2303	

521	1	6	2
457	70	258	394	149	195	90	307	133	231	306	417	
1	2	3	11	-111	10	-99	
457	70	258	306	102	231	432	
1047	1151	1609	1998	9353	7931	19380	

521	1	7	2
197	350	284	100	468	228	115	50	346	292	210	42	
2	3	4	-99	-99	10	12	
350	284	100	481	481	292	42	
527	992	1262	1471	11011	7722	23439	

521	1	9	2
331	51	155	205	239	43	160	188	277	19	244	56	
1	2	3	4	8	9	12	1	
331	51	155	205	188	277	56	331	
548	811	929	853	1061	1255	943	24931	

521	1	15	2
64	445	194	117	392	466	345	305	463	444	114	449	
1	2	3	4	7	9	-711	
64	445	194	117	345	463	240	
444	971	1089	1248	1235	4648	5863	

521	2	1	2
253	273	425	54	49	217	267	199	327	50	31	216	
1	2	3	4	6	11	9	12	8	
253	273	425	54	217	31	327	216	199	
784	881	1214	1179	1207	1394	1512	24382	10172	

521	2	5	2
378	160	132	35	451	99	335	11	26	185	177	423	
1	-99	3	4	5	11	-205	8	
378	481	132	35	451	177	91	11	
367	1054	1089	1151	1228	1026	21322	19463	

521	2	7	2
148	140	379	250	311	242	153	321	109	302	211	136	
1	2	3	4	12	11	-603	8	
148	140	379	250	136	211	425	321	
992	1221	1020	1380	1422	1880	1477	24133	

521	2	9	2
3	326	21	388	9	478	361	360	201	368	238	260	
1	2	3	4	5	10	8	11	
3	326	21	388	9	368	360	238	
381	964	1505	1512	5224	3948	1311	29732	

521	2	12	2
203	254	367	316	29	266	52	187	234	342	176	355	
1	2	3	-99	-99	7	8	6	5	
203	254	367	382	481	52	187	266	29	
895	895	1242	1366	2948	14578	15431	13419	867	

521	2	14	2
392	280	19	156	453	428	231	230	351	58	174	461	
1	2	3	12	-310	
392	280	19	461	241	
680	1380	2338	1727	25881	

521	3	1	2
294	211	266	45	304	11	254	285	362	350	128	67	
1	2	3	5	4	6	12	11	-99	
294	211	266	304	45	11	67	128	206	
735	1013	1214	1075	1505	2851	2803	23071	22911	

521	3	8	2
17	219	163	437	408	208	245	398	110	295	35	76	
1	2	-99	-99	-705	6	-509	-99	-105	
17	219	43	171	304	208	80	70	474	
388	1221	3538	1443	7368	12892	6848	12149	3545	

521	3	14	2
19	278	46	95	193	352	293	306	290	89	8	79	
1	3	9	7	10	-112	8	-99	
19	46	290	293	89	331	306	481	
478	1013	3733	1006	957	15855	8076	26402	

521	4	1	2
427	89	37	415	21	461	105	383	20	183	34	54	
1	2	5	3	11	
427	89	21	37	34	
1131	1096	1235	1207	4288	

521	4	9	2
172	349	110	320	437	190	464	253	58	197	356	294	
1	2	4	5	12	8	
172	349	320	437	294	253	
409	756	1353	1304	4253	24160	

521	4	10	2
212	232	144	9	247	165	217	465	151	295	397	271	
1	12	3	4	10	-99	-99	
212	271	144	9	295	481	471	
388	742	1290	1144	22578	15313	14502	

521	4	13	2
61	127	194	95	198	82	404	292	195	310	458	75	
1	2	3	4	8	10	-99	-99	
61	127	194	95	292	310	481	481	
270	1158	1124	1304	1471	5564	22481	14717	

521	4	14	2
328	77	175	420	346	254	42	457	157	222	317	179	
1	-99	4	12	2	-99	
328	481	420	179	77	481	
117	1006	992	5405	10824	16986	

521	5	1	2
260	437	351	119	141	17	206	162	236	244	461	389	
9	10	12	8	7	1	
236	244	389	162	206	260	
1013	1519	1228	4968	6439	5315	

521	5	15	2
204	144	415	383	365	285	44	345	36	140	400	262	
1	2	3	4	12	7	-99	
204	144	415	383	262	44	481	
83	853	943	1394	1894	20198	8597	

521	6	1	2
86	205	10	373	11	408	171	276	55	409	204	445	
1	11	3	3	2	10	7	6	9	
86	204	10	10	205	409	171	408	55	
194	999	1346	1186	2081	2144	2428	5662	16361	

521	6	3	2
12	140	24	273	266	75	230	88	349	372	382	247	
1	3	12	4	8	-99	11	
12	24	247	273	88	315	382	
208	1283	1443	1457	1811	31064	13391	

521	6	7	2
282	89	335	59	53	197	430	7	318	136	415	177	
1	2	4	11	12	6	3	2	10	-99	
282	89	59	415	177	197	335	89	136	481	
555	957	1526	1207	1262	1582	7382	21565	4857	5391	

521	6	10	2
333	393	268	411	375	146	191	47	21	113	192	61	
1	2	3	4	9	8	11	-99	
333	393	268	411	21	47	192	242	
374	603	943	1103	1484	1318	6217	36164	

521	7	1	2
155	26	231	196	232	347	153	71	411	135	406	322	
1	2	4	5	9	10	11	5	-99	
155	26	196	232	411	135	406	232	481	
312	1221	1165	1047	1255	3920	2393	34735	7382	

521	7	3	2
452	151	79	387	173	310	27	432	391	471	112	414	
1	2	3	5	12	8	-99	-202	-207	
452	151	79	173	414	432	481	26	153	
41	908	1214	1422	1519	4329	11782	10283	26617	

521	7	8	2
177	167	181	119	52	339	25	169	241	83	187	398	
1	3	2	5	4	-99	2	9	5	
177	181	167	52	119	481	167	241	52	
0	1248	1179	811	1561	12489	3573	13898	22620	

521	7	12	2
199	82	61	369	468	156	215	191	352	149	278	42	
1	2	3	4	-104	11	7	-99	-99	
199	82	61	369	133	278	215	481	481	
20	818	1207	1235	1339	1353	6917	18193	22322	

521	8	1	2
53	71	233	462	48	199	125	445	38	155	228	345	
1	2	3	4	12	9	
53	71	233	462	345	38	
451	1089	1151	1332	1672	1852	

521	8	6	2
4	59	457	325	275	154	374	473	362	474	126	434	
1	-99	-99	5	10	6	8	
4	60	276	275	474	154	473	
166	811	1672	2886	1061	1637	2137	

521	8	7	2
171	151	363	72	263	177	90	242	204	183	284	43	
1	2	3	5	7	11	
171	151	363	263	90	284	
298	1179	1124	1491	5891	8583	

521	8	10	2
308	403	5	222	42	91	159	219	226	296	70	441	
1	2	3	5	9	10	12	
308	403	5	42	226	296	441	
326	978	1609	1325	1346	8340	7806	

521	8	14	2
232	267	175	384	269	113	476	278	24	128	303	142	
11	12	1	2	9	-99	7	-505	-211	
303	142	232	267	24	481	476	10	164	
381	902	1200	1325	2511	6751	11948	6279	25472	

521	9	1	2
216	262	195	369	30	151	29	186	84	25	64	231	
1	2	3	7	6	9	
216	262	195	29	151	84	
492	1026	1457	1436	11254	14731	

521	9	10	2
346	2	23	283	100	165	318	473	79	423	243	271	
1	2	3	10	11	3	-99	
346	2	23	423	243	23	481	
562	1373	1901	1741	23917	8728	7688	

521	9	15	2
284	215	246	421	184	293	85	448	144	340	432	175	
1	3	2	9	12	11	6	
284	246	215	144	175	432	293	
541	1755	957	3511	2123	7493	25035	

521	10	1	2
218	116	168	141	237	208	320	155	42	280	333	126	
1	3	2	9	5	
218	168	116	42	237	
451	721	1637	3205	2373	

521	10	4	2
465	451	44	157	357	144	430	91	291	453	217	161	
10	7	11	12	6	4	1	
453	430	217	161	144	157	465	
381	1033	1297	1477	5773	7868	2754	

521	10	5	2
454	197	154	261	90	276	279	210	80	390	3	127	
7	6	2	3	1	10	11	
279	276	197	154	454	390	3	
596	1068	1228	1575	1297	7133	14280	

521	10	11	2
213	407	81	190	4	99	162	89	464	150	109	382	
11	3	12	1	2	-104	5	7	
109	81	382	213	407	142	4	162	
791	915	1207	1526	1193	1693	7209	7348	

521	10	12	2
147	387	191	223	302	192	45	463	363	98	272	288	
1	3	7	-1102	4	5	-99	6	
147	191	45	116	223	302	481	192	
895	791	2255	4891	6744	2990	5911	10817	

561	1	1	2
4	318	216	45	419	219	97	311	72	100	133	349	
1	12	10	3	4	
4	349	100	216	45	
2248	5710	4572	3955	23057	

561	1	7	2
156	284	335	168	46	203	75	157	49	69	362	251	
1	12	3	4	2	
156	251	335	168	284	
1928	1658	8611	21551	12503	

561	2	1	2
129	158	103	290	264	72	101	221	373	233	85	149	
12	3	4	9	1	10	6	11	2	
149	103	290	373	129	233	72	85	158	
1658	1700	1658	1672	1568	3774	1679	9832	7722	

561	2	4	2
424	328	402	73	81	19	118	202	268	273	385	210	
7	1	12	6	10	
118	424	210	19	273	
1845	1554	2296	2033	39412	

561	2	6	2
400	150	291	131	360	59	164	339	254	107	111	450	
12	10	
450	107	
2185	13218	

561	3	1	2
410	372	264	200	321	322	446	145	464	411	204	105	
1	10	12	11	3	5	
410	411	105	204	264	321	
1693	1290	2983	2990	7521	13544	

561	3	6	2
222	69	173	313	122	15	394	341	158	436	311	119	
11	12	4	
311	119	313	
1928	1360	18769	

561	3	10	2
238	440	94	157	471	213	22	79	382	435	126	141	
12	10	7	3	2	5	
141	435	22	94	440	471	
1727	1588	3767	13176	2657	16764	

561	4	1	2
156	13	71	462	191	31	449	168	302	296	126	479	
8	12	1	7	10	3	1	
168	479	156	449	296	71	156	
1595	1922	1928	2761	1935	12642	28740	

561	4	3	2
131	450	85	184	181	132	9	446	27	384	253	169	
12	5	10	
169	181	384	
2199	1970	31994	

561	4	4	2
38	425	271	404	68	77	97	373	293	138	452	243	
12	11	9	3	6	5	
243	452	293	271	77	68	
1706	1686	8680	12468	27907	1609	

561	4	6	2
393	95	217	135	421	76	409	201	306	382	410	35	
10	11	1	
382	410	393	
1457	5932	4732	

561	4	7	2
49	18	87	241	25	147	322	307	309	294	106	209	
11	12	7	7	
106	209	322	322	
1727	1484	14613	1082	

561	4	13	2
320	151	262	248	36	155	249	93	254	340	215	34	
10	12	1	9	
340	34	320	254	
3642	4184	37372	9506	

561	5	1	2
272	251	132	296	175	31	434	270	131	148	476	326	
12	2	11	4	6	5	9	8	
326	251	476	296	31	175	131	270	
1186	1110	1429	4440	13926	22259	10762	978	

561	5	3	2
200	252	389	427	404	65	1	10	363	388	283	240	
12	9	1	10	3	
240	363	200	388	389	
1290	1824	4808	9422	13731	

561	5	5	2
248	446	387	353	237	233	128	30	55	407	271	354	
6	5	11	12	
233	237	271	354	
1179	29420	8153	1838	

561	5	7	2
338	319	472	23	177	7	150	102	241	306	371	104	
12	11	2	1	
104	371	319	338	
770	1262	8243	17950	

561	5	15	2
215	459	9	173	378	181	37	249	212	411	269	146	
10	11	7	8	
411	269	37	249	
666	1575	10061	5148	

561	6	1	2
444	28	466	439	8	460	125	428	88	130	267	289	
8	7	12	10	4	1	3	
428	125	289	130	439	444	466	
1151	1443	1845	2199	3469	6224	11698	

561	6	6	2
226	401	77	197	298	212	447	331	147	265	69	420	
12	11	1	2	8	10	5	
420	69	226	401	331	265	298	
1262	1748	6064	1949	15522	4510	25978	

561	6	10	2
219	419	422	211	213	146	110	200	237	320	305	102	
9	5	12	2	2	1	8	
237	213	102	419	419	219	200	
1242	943	1200	1103	1588	881	47780	

561	6	12	2
46	95	366	269	400	408	319	347	11	326	450	63	
10	11	12	1	4	9	
326	450	63	46	269	11	
818	1228	2040	10373	16784	20295	

561	7	1	2
313	137	91	456	298	234	40	60	440	293	410	35	
12	8	10	7	
35	60	293	40	
978	1262	1443	17152	

561	7	4	2
434	286	54	458	151	44	203	379	228	115	67	173	
9	12	2	4	
228	173	286	458	
1096	5641	5162	12753	

561	7	13	2
55	402	212	355	291	201	348	470	48	480	353	283	
8	9	1	6	
470	48	55	201	
1207	1693	2768	22974	

561	8	1	2
336	313	341	479	151	363	478	3	415	61	90	146	
-99	6	10	4	2	1	
263	363	61	479	313	336	
1484	1588	1519	2338	1533	1637	

561	8	5	2
15	340	48	402	212	39	290	303	17	449	226	62	
12	2	6	
62	340	39	
1533	1616	12663	

561	8	9	2
228	12	213	143	42	408	75	388	55	120	451	282	
10	12	11	3	1	8	
120	282	451	213	228	388	
3032	1415	2692	2137	1575	9249	

561	8	13	2
192	92	123	345	396	216	280	85	45	140	442	385	
11	12	10	1	9	5	2	
442	385	140	192	45	396	92	
777	1047	1221	3406	22113	13419	12038	

561	8	15	2
349	32	331	214	200	183	380	122	425	47	244	239	
10	12	1	7	6	9	4	
47	239	349	380	183	425	214	
1242	1242	3177	1776	10304	23557	8645	

561	9	1	2
55	83	473	184	232	426	84	29	398	472	435	107	
12	8	1	6	9	2	
107	29	55	426	398	83	
1332	1269	1255	1942	1318	45546	

561	9	8	2
132	258	215	424	77	157	183	118	357	360	420	104	
3	12	4	8	5	
215	104	424	118	77	
2157	1519	10893	3975	16840	

561	9	15	2
282	242	291	70	50	3	363	339	479	414	307	408	
10	7	5	4	1	
414	363	50	70	282	
1165	1262	2560	2109	1783	

561	10	1	2
118	29	211	436	339	290	139	199	56	83	371	152	
2	4	1	7	6	10	
29	436	118	139	290	83	
943	1353	1387	1283	1477	1297	

561	10	6	2
412	190	210	222	353	78	319	148	389	390	343	101	
12	3	2	1	11	9	3	5	
101	210	190	412	343	389	210	353	
895	1075	1380	3740	1790	3566	28303	10227	

621	1	1	2
4	7	36	180	321	64	204	243	325	106	14	79	
11	7	1	4	12	10	8	2	
14	204	4	180	79	106	243	7	
1436	867	846	1082	1672	915	1880	20060	

621	1	4	2
317	404	43	46	125	182	469	462	104	144	56	250	
10	6	4	12	7	
144	182	46	250	469	
1332	7806	9464	5717	13586	

621	1	13	2
232	298	111	99	305	293	10	198	354	446	156	185	
12	11	2	9	7	
185	156	298	354	10	
999	881	5231	3753	29656	

621	1	15	2
47	389	192	69	290	466	333	60	189	284	359	190	
12	2	3	-111	9	10	
190	389	192	193	189	284	
1339	1748	2137	9762	1394	1484	

621	2	1	2
27	413	171	254	48	302	404	249	274	224	272	200	
6	1	8	11	7	5	
302	27	249	272	404	48	
1040	1207	943	2935	5696	46663	

621	2	4	2
384	160	164	124	306	283	440	255	187	245	277	110	
10	3	2	1	9	4	-304	
245	164	160	384	187	124	254	
1422	902	874	534	24049	1151	2858	

621	2	7	2
94	266	292	159	227	375	407	399	456	84	465	336	
11	1	2	
465	94	266	
1186	4697	2310	

621	2	9	2
260	472	460	89	195	214	29	35	107	151	363	87	
12	9	
87	107	
1172	57924	

621	2	10	2
189	458	230	115	36	71	314	303	167	26	18	95	
12	2	6	9	11	1	
95	458	71	167	18	189	
1248	1151	2865	846	9568	693	

621	2	11	2
138	328	91	196	46	356	168	259	275	281	150	431	
12	11	-102	5	4	
431	150	458	46	196	
1360	1519	13676	4912	26214	

621	3	1	2
337	81	338	102	226	370	355	248	171	252	84	430	
10	4	11	9	7	3	1	5	2	10	
252	102	84	171	355	338	337	226	81	252	
978	784	797	693	846	3649	7084	12857	10165	19380	

621	3	5	2
379	350	149	461	124	352	104	367	269	121	245	8	
10	11	9	-110	
121	245	269	270	
1096	1144	1762	18498	

621	3	15	2
11	82	346	49	403	394	309	444	349	386	275	147	
12	5	4	-606	
147	403	49	423	
1165	908	4399	3857	

621	4	1	2
32	84	404	252	1	141	111	431	76	420	65	272	
11	1	3	12	4	9	6	
65	32	404	272	252	76	141	
728	1082	693	1131	1214	2144	28747	

621	4	5	2
24	374	234	414	341	128	52	446	239	298	166	474	
10	5	7	2	
298	341	52	374	
2470	1242	957	1262	

621	4	11	2
391	343	264	411	173	288	381	424	160	477	73	389	
2	3	9	1	7	10	4	
343	264	160	391	381	477	411	
3393	1103	1255	2796	9013	1422	5807	

621	4	15	2
193	273	69	154	136	208	94	42	243	270	284	368	
12	2	4	6	7	3	8	10	9	
368	273	154	208	94	69	42	270	243	
929	777	902	797	2046	978	3781	23959	1686	

621	5	1	2
277	441	241	405	27	88	398	238	301	111	196	145	
5	1	7	8	10	6	11	12	3	9	
27	277	398	238	111	88	196	145	241	301	
881	707	686	846	756	742	4385	1360	8985	12628	

621	5	7	2
385	135	110	418	363	46	31	225	186	359	98	155	
12	4	9	
155	418	186	
999	19449	15223	

621	5	14	2
306	62	451	102	54	41	180	480	309	82	33	320	
12	3	4	7	
320	451	102	180	
693	8208	4066	9284	

621	6	1	2
354	84	18	116	34	371	151	41	19	109	20	187	
3	6	4	12	9	11	8	1	10	
18	371	116	187	19	20	41	354	109	
929	936	1033	881	1353	1054	2185	1248	49660	

621	6	5	2
429	82	287	3	353	99	380	301	65	328	480	205	
12	10	8	1	7	9	2	11	3	-99	
205	328	301	429	380	65	82	480	287	83	
1276	804	1540	1207	1262	1290	7972	24174	1353	978	

621	6	8	2
243	212	143	115	359	405	21	449	48	437	298	309	
8	9	12	7	2	6	1	
449	48	309	21	212	405	243	
1158	770	742	846	770	568	30995	

621	6	13	2
130	282	175	303	98	227	166	131	66	273	15	431	
12	3	6	11	-102	8	
431	175	227	15	307	131	
1630	2615	1922	13995	13953	770	

621	6	14	2
460	469	318	476	414	433	395	249	346	242	326	386	
10	
242	
1588	

621	7	1	2
231	173	122	152	34	75	203	94	19	186	202	211	
11	6	7	12	4	2	3	1	9	10	8	
202	75	203	211	152	173	122	231	19	186	94	
860	888	853	756	1977	2067	971	922	3774	1727	2914	

621	7	6	2
367	7	238	415	91	4	389	294	95	299	475	184	
4	-99	7	12	11	
415	403	389	184	475	
2081	1033	846	922	860	

621	7	9	2
308	46	117	105	136	247	97	305	118	390	397	101	
11	9	3	8	12	6	5	
397	118	117	305	101	247	136	
950	1096	1033	839	915	3275	22585	

621	7	11	2
341	353	132	450	246	275	416	399	217	128	443	69	
5	12	4	7	6	9	3	
246	69	450	416	275	217	132	
1103	832	1151	721	2442	1693	6772	

621	7	15	2
427	148	124	80	190	207	112	379	373	342	262	141	
-403	4	3	9	5	12	7	
132	80	124	373	190	141	112	
1630	985	1033	4281	2560	4260	6487	

621	8	1	2
254	375	203	425	293	58	370	12	428	200	35	423	
1	10	11	5	-99	12	2	
254	200	35	293	479	423	375	
596	1956	1068	1054	5800	4718	3941	

621	8	3	2
229	172	291	97	214	15	22	329	456	33	105	183	
12	-99	1	2	7	6	
183	107	229	172	22	15	
1110	929	777	825	1422	1790	

621	8	7	2
377	147	295	257	379	282	25	400	11	267	266	392	
12	1	2	3	11	6	
392	377	147	295	266	282	
1040	728	1214	1020	1533	15744	

621	8	13	2
8	342	340	435	216	44	343	307	57	365	391	196	
12	4	3	11	9	6	
196	435	340	391	57	44	
964	832	1242	1512	922	860	

621	8	15	2
416	48	23	411	67	140	234	78	311	355	111	363	
12	8	7	-211	-99	
363	78	234	391	481	
1026	915	9936	5606	12246	

621	9	1	2
104	72	30	175	67	116	236	246	354	188	185	243	
12	7	10	11	3	5	1	2	9	
243	236	188	185	30	67	104	72	354	
2074	1179	936	1186	1505	839	1512	2747	18831	

621	9	4	2
295	454	154	228	280	226	122	229	179	37	348	34	
8	9	12	10	6	4	
229	179	34	37	226	228	
1484	853	4149	4253	12739	3878	

621	9	6	2
340	251	320	76	412	480	344	317	189	302	40	247	
12	7	9	11	
247	344	189	40	
1068	1477	4357	5446	

621	9	10	2
315	396	316	18	411	452	173	284	392	2	3	109	
11	9	1	6	8	11	5	2	
3	392	315	452	284	3	411	396	
1609	964	1360	1491	881	1706	4024	5093	

621	10	1	2
476	145	159	347	129	385	271	20	169	478	62	381	
1	12	7	5	2	8	
476	381	271	129	145	20	
957	693	1193	5120	7160	1533	

621	10	4	2
47	322	356	112	425	259	166	102	408	53	51	438	
10	11	12	-203	1	2	3	
53	51	438	127	47	322	356	
853	818	846	3268	4524	784	756	

621	10	7	2
7	314	19	382	92	172	74	163	205	255	18	283	
11	12	6	7	3	2	
18	283	172	74	19	314	
1068	908	874	846	5634	714	

621	10	9	2
270	311	193	330	95	85	147	168	362	345	83	399	
-99	
160	
1117	

621	10	11	2
39	354	180	187	365	160	346	161	215	203	142	11	
6	12	4	2	
160	11	187	354	
881	978	2102	9180	

621	10	13	2
98	13	77	477	445	402	332	386	415	396	289	352	
11	10	2	4	7	-110	
289	396	13	477	332	202	
832	895	1928	26755	791	5516	

621	10	14	2
43	87	6	200	373	12	113	416	89	56	191	320	
5	6	7	4	-101	-108	11	10	1	
373	12	113	200	98	386	191	56	43	
1845	707	5127	652	6779	1700	3622	1637	13738	

661	1	1	2
13	193	234	334	105	473	340	197	261	129	464	93	
1	2	9	7	10	11	5	
13	193	261	340	129	464	105	
1408	797	3171	1033	1595	8846	38267	

661	1	9	2
59	79	168	204	208	90	123	149	143	45	396	53	
11	10	6	12	-111	
396	45	90	53	286	
1304	5668	1637	2692	19303	

661	1	10	2
187	114	227	44	253	165	284	177	138	277	95	148	
7	10	11	
284	277	95	
2595	6453	40466	

661	1	15	2
420	381	307	255	387	34	258	477	40	290	399	98	
6	10	7	9	11	3	
34	290	258	40	399	307	
1727	3705	10005	1616	3927	6744	

661	2	1	2
257	245	159	289	344	441	127	278	23	236	264	85	
2	10	6	3	8	9	11	
245	236	441	159	278	23	264	
2192	1512	1214	1401	3434	1297	8395	

661	2	11	2
424	400	429	468	355	371	442	84	78	325	19	83	
8	6	
84	371	
7313	4760	

661	3	1	2
174	406	180	113	416	270	205	151	203	374	332	40	
6	8	12	10	4	2	8	9	1	11	10	
270	151	40	374	113	406	151	203	174	332	374	
1255	1422	1429	1165	1117	1248	5641	9769	7251	4308	9318	

661	3	8	2
222	12	166	247	348	425	340	66	338	11	192	449	
9	7	2	
338	340	12	
3136	8062	29219	

661	3	9	2
135	213	123	14	215	214	190	329	26	457	339	478	
2	8	11	-101	9	
213	329	339	222	26	
1436	1353	9381	20948	6612	

661	4	1	2
464	249	184	84	418	154	248	28	94	127	429	462	
5	6	2	10	8	3	11	12	9	
418	154	249	127	28	184	429	462	94	
1026	1623	2317	1214	1346	7833	15924	4801	2726	

661	4	3	2
105	460	58	447	354	91	389	382	219	313	12	13	
5	6	11	12	-105	
354	91	12	13	39	
3476	2310	10401	12267	24688	

661	4	6	2
42	277	20	9	60	99	89	413	114	97	254	107	
12	8	4	-312	7	5	-107	
107	413	9	13	89	60	155	
2102	1297	24632	2768	8409	13482	4426	

661	4	7	2
291	471	180	109	244	168	281	473	15	141	459	192	
9	3	4	-112	12	1	
15	180	109	107	192	291	
2151	2935	2657	7729	1637	15973	

661	4	10	2
368	215	166	260	330	52	351	458	387	59	329	150	
8	12	2	1	4	3	10	
458	150	215	368	260	166	59	
1713	1228	2657	1693	4156	29344	7403	

661	5	1	2
103	357	268	462	419	75	138	112	162	281	260	450	
1	12	11	10	
103	450	260	281	
2262	1179	4815	12566	

661	5	9	2
1	113	137	296	245	159	265	393	302	99	184	456	
7	8	9	-99	12	5	
265	393	302	481	456	245	
1693	985	1609	11782	2546	8472	

661	5	14	2
187	165	107	168	169	21	14	308	89	199	190	445	
7	12	2	
14	445	165	
1713	1158	45400	

661	6	1	2
421	382	230	280	188	345	95	12	304	136	296	233	
1	5	8	7	4	10	11	1	3	
421	188	12	95	280	136	296	421	230	
1248	1318	1984	10200	2400	5571	8007	1346	22578	

661	6	3	2
84	452	86	255	439	177	228	56	360	154	465	112	
7	10	1	5	
228	154	84	439	
4364	1061	5176	7063	

661	6	7	2
53	402	254	269	431	392	44	305	73	404	261	129	
2	7	4	-408	8	-203	
402	44	269	56	305	195	
1838	1540	9464	11046	12052	19858	

661	6	9	2
117	187	82	14	215	69	311	271	20	396	285	318	
12	-109	8	1	10	
318	381	271	117	396	
2546	5051	5009	1477	26297	

661	6	13	2
119	313	430	256	156	153	337	399	65	248	409	335	
12	-99	3	
335	420	430	
2213	51104	2713	

661	6	14	2
227	97	266	471	13	184	111	480	415	142	30	242	
-111	9	5	11	4	1	10	
409	415	13	30	471	227	142	
1540	2019	4815	7889	12170	7174	8701	

661	7	1	2
419	120	470	435	333	299	110	281	178	211	51	372	
10	11	12	2	1	3	12	4	
211	51	372	120	419	470	372	435	
1928	1248	1214	1200	1984	6383	8284	29198	

661	7	12	2
326	186	181	134	431	67	148	265	163	392	94	252	
3	4	1	9	5	11	7	
181	134	326	163	431	94	148	
1790	3406	6834	7292	3386	8944	12073	

661	7	14	2
317	361	248	348	468	215	217	255	371	324	159	154	
12	5	1	
154	468	317	
1866	13162	4142	

661	8	1	2
354	88	370	274	289	81	345	91	65	428	362	171	
1	11	8	10	12	5	
354	362	91	428	171	289	
978	1103	1151	978	4177	1700	

661	8	5	2
381	236	308	444	210	324	309	40	296	419	223	79	
5	1	11	6	-201	
210	381	223	324	288	
1186	2386	4454	13606	14710	

661	8	9	2
368	45	313	292	375	122	291	174	67	450	436	469	
5	7	8	
375	291	174	
2921	11913	2914	

661	9	1	2
357	270	164	460	192	58	196	92	60	326	421	395	
9	2	11	3	1	10	7	
60	270	421	164	357	326	196	
1360	1207	1276	1935	4746	5884	12004	

661	9	3	2
21	119	52	241	78	337	383	445	100	405	88	278	
6	12	7	8	2	9	10	
337	278	383	445	119	100	405	
1720	1318	1172	14481	8805	12323	11754	

661	9	13	2
190	131	343	434	285	206	256	183	370	84	179	476	
10	11	8	
84	179	183	
1290	1332	13488	

661	9	15	2
261	30	238	320	393	102	240	153	98	155	54	108	
6	2	11	12	10	
102	30	54	108	155	
1963	1595	6855	24882	6654	

661	10	1	2
105	191	234	453	13	297	33	151	270	400	178	115	
5	-99	12	7	11	1	9	
13	422	115	33	178	105	270	
3434	5585	1984	4114	16153	10963	1346	

661	10	3	2
70	244	111	231	333	405	395	179	50	466	350	8	
7	3	6	5	10	2	
395	111	405	333	466	244	
1755	1547	6189	3531	3164	15785	

661	10	5	2
71	94	299	219	358	459	399	417	11	218	25	447	
12	5	3	
447	358	299	
1845	7799	10949	

661	10	7	2
475	118	403	168	289	156	376	30	263	287	273	161	
9	4	11	8	
263	168	273	30	
3337	10352	12982	20559	

661	10	10	2
128	104	308	15	217	210	436	38	211	226	340	117	
4	12	6	-104	
15	117	210	102	
7535	11768	6515	8125	

661	10	12	2
145	444	143	63	182	146	288	116	29	392	183	140	
11	2	1	
183	444	145	
2386	20795	7813	

721	1	1	2
307	48	118	180	245	242	414	469	172	97	135	71	
1	8	11	2	5	4	9	
307	469	135	48	245	180	172	
2199	686	860	749	742	4524	4565	

721	1	3	2
434	37	268	357	96	333	2	21	202	121	287	302	
12	6	9	3	
302	333	202	268	
2157	6369	777	1776	

721	1	4	2
231	270	70	276	412	383	108	77	149	380	92	279	
11	12	7	-103	4	
92	279	108	268	276	
3511	5863	6966	3025	10602	

721	1	7	2
317	426	111	140	284	319	25	165	386	422	185	115	
10	8	2	9	
422	165	426	386	
2976	28997	3184	3143	

721	1	11	2
17	432	230	365	46	459	68	221	306	226	330	191	
10	8	12	-99	4	
226	221	191	406	365	
2248	895	8833	714	25042	

721	1	12	2
72	154	373	22	58	83	321	217	274	480	461	444	
12	8	11	2	10	3	3	
444	217	461	154	480	373	373	
1526	797	2275	742	714	41070	2268	

721	2	1	2
227	98	302	58	378	282	451	444	166	111	1	30	
11	6	5	12	9	3	1	2	4	7	
1	282	378	30	166	302	227	98	58	451	
1866	610	506	777	2775	8992	4184	2019	1561	26964	

721	3	1	2
108	117	324	179	13	465	87	61	158	467	52	172	
12	7	1	5	2	6	8	10	
172	87	108	13	117	465	61	467	
1866	402	388	485	2268	617	582	14411	

721	3	8	2
289	399	127	250	252	450	400	418	232	121	326	57	
12	-99	9	8	11	7	
57	481	232	418	326	400	
1824	11421	2373	11310	15688	5557	

721	4	1	2
283	23	407	39	69	320	391	471	295	219	24	189	
2	1	9	4	12	10	7	11	
23	283	295	39	189	219	391	24	
3087	1901	985	804	8187	7424	3774	4766	

721	4	5	2
399	226	90	33	354	140	377	199	408	466	82	163	
12	5	-204	6	9	1	
163	354	385	140	408	399	
2400	11657	735	9686	4031	17784	

721	4	11	2
458	244	475	139	250	345	247	155	42	292	257	403	
-99	10	
256	292	
1373	1054	

721	4	12	2
324	451	148	306	315	333	67	224	348	21	132	307	
7	11	4	5	-107	
67	132	306	315	247	
2220	811	20871	12011	1602	

721	5	1	2
123	404	377	135	55	461	91	364	215	328	127	161	
2	9	12	3	4	-99	
404	215	161	377	135	481	
2879	1533	645	2990	1082	13294	

721	5	3	2
345	67	119	342	86	247	240	162	278	95	36	249	
12	4	10	6	
249	342	95	247	
2241	4864	1235	13322	

721	5	9	2
122	401	186	54	226	137	293	151	355	108	270	216	
12	11	8	-111	-112	-104	5	
216	270	151	183	406	85	226	
1928	499	1554	3136	10873	1824	2768	

721	5	12	2
168	480	282	116	252	400	141	390	196	74	163	458	
12	1	
458	168	
1283	555	

721	6	1	2
300	434	38	374	302	232	135	427	72	446	109	319	
4	11	5	8	6	9	1	
374	109	302	427	232	72	300	
1484	395	624	492	2713	2407	3240	

721	6	3	2
419	343	3	252	35	136	262	326	29	229	61	280	
2	3	-99	12	8	4	
343	3	272	280	326	252	
5578	874	1450	6071	2074	22204	

721	6	5	2
9	194	274	197	196	256	469	200	63	242	275	27	
11	3	1	5	2	
275	274	9	196	194	
1595	485	2921	14890	8423	

721	6	8	2
358	415	7	267	409	140	477	321	272	165	100	451	
9	11	
272	100	
666	617	

721	6	15	2
85	187	118	401	51	181	123	445	413	155	218	154	
10	12	5	
155	154	51	
1325	624	39696	

721	7	1	2
447	135	153	168	280	98	437	44	444	308	88	83	
12	8	2	4	6	1	
83	44	135	168	98	447	
1852	582	582	763	2844	2268	

721	7	9	2
360	373	321	76	21	244	451	412	115	390	282	409	
7	11	12	9	-111	
451	282	409	115	87	
860	1151	624	1706	10824	

721	7	12	2
283	431	225	40	20	402	165	166	102	80	344	368	
1	5	4	
283	20	40	
1804	1602	1866	

721	8	1	2
229	51	272	403	291	122	358	306	175	352	37	295	
11	6	3	9	1	8	10	4	5	
37	122	272	175	229	306	352	403	291	
1061	686	582	673	610	624	3122	1457	12878	

721	8	3	2
249	138	120	239	64	206	474	433	225	425	363	319	
1	10	3	-206	
249	425	120	122	
1054	721	9138	631	

721	8	11	2
432	337	45	466	146	238	129	143	126	63	84	328	
8	6	7	-707	-105	
143	238	129	276	87	
5086	1415	5211	6765	11240	

721	9	1	2
259	241	465	262	130	6	103	124	62	287	274	449	
1	12	9	7	2	6	5	
259	449	62	103	241	6	130	
15508	451	2948	3393	5835	6224	15452	

721	9	12	2
98	39	99	351	128	346	344	424	348	225	381	42	
2	10	4	
39	225	351	
12351	846	40147	

721	9	15	2
168	59	475	201	399	171	190	437	319	365	355	320	
11	10	-103	-99	-99	
355	365	252	481	481	
1248	5183	9776	673	15855	

721	10	1	2
140	171	199	53	70	1	443	256	287	20	117	36	
2	6	3	1	8	11	4	9	7	10	
171	1	199	140	256	117	53	287	443	20	
22481	451	645	1700	1103	7500	1464	2990	617	1228	

721	10	3	2
314	461	334	177	155	439	290	190	216	114	451	234	
11	-99	10	4	
451	154	114	177	
749	666	659	1075	

721	10	11	2
316	383	161	449	270	130	320	134	13	160	107	394	
12	11	-103	8	9	5	10	
394	107	269	134	13	270	160	
881	735	1214	1595	763	4315	8243	

721	10	12	2
258	64	215	63	344	236	29	184	41	386	420	200	
3	4	8	1	11	
215	63	184	258	420	
1089	1276	867	10630	2268	

721	10	14	2
97	247	321	11	464	61	246	181	318	374	208	23	
10	12	-110	6	
374	23	77	61	
1366	756	700	784	

841	1	1	2
205	259	93	458	136	187	360	4	240	66	282	433	
6	11	4	2	10	
187	282	458	259	66	
1526	5599	8555	3899	20448	

841	1	5	2
27	254	262	142	231	310	25	257	73	81	160	138	
6	11	
310	160	
1519	55683	

841	1	6	2
285	413	147	311	353	183	355	63	216	141	364	107	
9	6	11	
216	183	364	
37871	15251	922	

841	1	11	2
61	461	299	5	137	228	90	267	39	3	278	2	
12	-607	
2	25	
1700	46344	

841	1	12	2
255	191	95	306	94	148	384	72	331	251	233	10	
12	5	10	
10	94	251	
1686	15411	34069	

841	1	14	2
365	234	425	118	51	175	198	325	288	361	342	52	
12	1	4	8	
52	365	118	325	
1276	13488	5190	11240	

841	1	15	2
182	298	236	396	242	197	366	347	57	392	304	446	
12	4	-105	
446	396	51	
1512	38503	13169	

841	2	1	2
287	281	220	267	230	20	160	478	73	379	268	6	
3	5	2	6	11	
220	230	281	20	268	
1561	4593	2109	2477	3545	

841	2	3	2
371	106	203	338	28	292	401	15	165	345	53	254	
5	7	3	12	
28	401	203	254	
8715	1110	3580	36359	

841	2	10	2
159	12	291	382	353	252	61	167	101	340	225	341	
10	4	6	11	
340	382	252	225	
1248	8617	5440	4815	

841	3	1	2
192	22	94	84	206	37	393	293	63	111	460	40	
6	12	1	7	3	9	8	
37	40	192	393	94	63	293	
936	860	804	5780	791	13398	3427	

841	3	7	2
41	248	378	35	30	463	178	71	55	342	424	304	
5	-99	11	8	
30	481	424	71	
1242	735	895	10970	

841	3	8	2
396	442	286	234	5	316	194	348	91	172	144	7	
12	10	11	7	
7	172	144	194	
1304	1686	9395	28684	

841	3	14	2
187	183	244	255	419	269	281	303	191	267	272	123	
11	12	6	5	8	
272	123	269	419	303	
1026	1207	1748	7341	4288	

841	3	15	2
10	385	465	210	150	128	236	199	327	256	427	319	
12	8	6	7	
319	199	128	236	
1373	18693	12621	20448	

841	4	1	2
60	267	428	121	37	19	111	347	434	444	225	118	
11	6	7	5	2	
225	19	111	37	267	
1346	2102	1221	4537	18068	

841	4	5	2
340	145	219	8	15	476	59	191	70	65	109	209	
1	7	8	3	5	
340	59	191	219	15	
2033	5585	1137	2581	9207	

841	4	6	2
41	227	24	126	389	356	108	117	159	310	298	302	
12	6	7	8	1	
302	356	108	117	41	
1221	5537	4302	1547	23126	

841	4	10	2
90	153	190	74	195	6	459	179	152	372	457	7	
11	-104	-103	-506	
457	98	218	476	
1117	24785	26242	5474	

841	4	13	2
184	17	216	34	250	137	11	131	258	264	301	233	
10	3	5	
264	216	250	
1047	4475	53012	

841	5	1	2
106	255	235	6	132	39	300	400	293	35	259	162	
12	10	1	8	9	11	6	4	
162	35	106	400	293	259	39	6	
895	1117	881	888	1117	2220	2421	25437	

841	5	3	2
289	52	163	183	372	53	191	324	351	125	282	459	
12	-110	10	9	8	
459	171	125	351	324	
1151	3920	18117	10352	1353	

841	5	5	2
405	411	422	416	65	150	367	346	166	380	384	308	
12	7	3	8	
308	367	422	346	
964	18020	7486	21211	

841	5	6	2
90	199	281	457	306	213	395	344	17	342	316	188	
3	5	12	
281	306	188	
11601	9471	12330	

841	5	8	2
77	98	102	185	104	10	392	387	175	153	143	335	
10	9	7	
153	175	392	
1075	943	6751	

841	5	10	2
100	290	352	474	197	215	181	177	108	184	466	476	
10	12	3	9	
184	476	352	108	
1040	811	5897	23577	

841	6	1	2
100	39	83	478	432	41	99	75	268	369	360	255	
5	2	1	10	9	12	3	
432	39	100	369	268	255	83	
1026	902	811	3920	832	804	18200	

841	6	4	2
197	27	260	225	249	55	86	189	204	166	117	207	
-107	5	8	7	6	
191	249	189	86	55	
2983	1831	3219	1471	3927	

841	6	6	2
390	186	406	226	188	112	297	145	180	66	28	347	
10	8	4	11	-107	
66	145	226	28	282	
2303	5197	4378	8104	5891	

841	6	8	2
87	252	195	54	162	4	178	399	171	477	224	50	
2	8	
252	399	
2470	6071	

841	6	12	2
104	218	229	474	85	247	73	152	324	21	311	292	
12	11	10	8	3	
292	311	21	152	229	
2449	6911	1137	7403	5738	

841	6	14	2
460	231	130	283	305	108	213	394	76	234	309	253	
-204	12	
474	253	
2137	11483	

841	7	1	2
479	68	194	258	171	137	455	84	356	269	471	82	
12	9	6	4	10	11	2	
82	356	137	258	269	471	68	
1242	1096	888	3351	1131	5183	45060	

841	7	5	2
425	366	108	231	359	235	303	189	147	122	5	24	
12	9	-99	3	5	
24	147	330	108	359	
1332	867	5703	2602	40078	

841	8	1	2
249	406	335	97	15	70	317	246	347	379	12	145	
9	11	7	2	8	12	
347	12	317	406	246	145	
1700	985	1811	4080	1748	11226	

841	8	6	2
125	79	439	150	450	62	213	427	292	124	341	83	
12	7	1	4	10	
83	213	125	150	124	
1144	1158	2442	8139	4628	

841	8	7	2
20	334	331	121	428	113	244	216	59	296	289	442	
12	7	
442	244	
1165	3018	

841	8	14	2
170	162	332	256	468	202	40	480	211	169	354	390	
12	3	8	-101	
390	332	480	363	
1248	1110	5592	21142	

841	8	15	2
225	274	366	360	165	182	282	257	477	189	214	217	
12	11	1	10	
217	214	225	189	
1457	1228	5009	3677	

841	9	1	2
130	424	10	370	459	325	468	366	38	193	113	215	
12	8	3	10	2	
215	366	10	193	424	
1200	908	1582	6147	14960	

841	9	3	2
407	469	201	337	72	273	75	398	54	107	259	429	
12	-104	
429	294	
1283	19761	

841	9	4	2
129	255	148	265	104	299	105	160	11	32	87	144	
12	1	2	5	7	
144	129	255	104	105	
1387	1776	2220	1540	1117	

841	9	7	2
358	303	406	334	218	64	101	402	17	456	268	120	
9	11	7	8	
17	268	101	402	
1831	922	853	1214	

841	9	8	2
277	221	185	96	57	67	159	183	83	220	97	446	
12	11	4	8	7	
446	97	96	183	159	
1290	908	1047	1526	9672	

841	9	9	2
197	313	258	241	61	46	420	425	173	437	344	442	
12	3	5	
442	258	61	
1401	978	33222	

841	9	13	2
427	200	245	386	187	103	196	155	135	361	438	161	
11	8	2	10	
438	155	200	361	
1283	985	7917	5155	

841	9	14	2
157	194	216	153	388	126	331	385	33	53	340	123	
12	3	-99	9	
123	216	13	33	
1804	1755	2886	11150	

841	10	1	2
431	44	148	78	238	437	301	338	243	92	381	351	
12	2	8	4	5	10	
351	44	338	78	238	92	
1401	867	999	1554	846	770	

841	10	4	2
246	149	477	115	460	8	445	375	417	392	2	38	
12	11	9	8	-108	
38	2	417	375	378	
1477	652	4926	2192	37740	

841	10	6	2
240	179	187	451	409	442	411	428	73	355	447	465	
12	5	7	10	2	
465	409	411	355	179	
1464	1103	3726	2268	4544	

841	10	9	2
296	121	376	114	23	237	242	299	394	382	175	4	
12	9	1	
4	394	296	
1561	15744	11719	

841	10	11	2
345	217	55	57	166	255	65	200	285	206	430	475	
12	5	7	10	
475	166	65	206	
1360	1137	3198	16326	

841	10	14	2
215	157	136	235	112	368	107	282	251	347	318	429	
-301	12	-103	-99	
345	429	471	250	
4204	6036	24126	23626	

841	10	15	2
380	153	450	294	30	365	144	258	46	329	384	172	
12	1	3	4	8	6	
172	380	450	294	258	365	
992	735	1221	1137	17104	6931	

