101	1	5	3
148	459	191	221	138	83	311	372	56	152	239	318	
-403	-108	1	
119	304	148	
8187	4184	41729	

101	1	6	3
67	275	247	218	143	196	259	198	269	189	20	172	
3	9	8	12	1	
247	269	198	172	67	
2130	6189	3302	6494	7146	

101	1	15	3
136	195	289	310	376	350	330	473	295	285	106	7	
12	11	
7	106	
1526	15057	

101	2	4	3
292	400	50	277	183	3	244	88	413	211	171	214	
5	2	6	12	9	
183	400	3	214	413	
1491	2289	1651	1401	6390	

101	2	5	3
32	159	92	144	44	120	101	256	425	437	222	72	
10	6	11	
437	120	222	
1901	2886	6550	

101	2	15	3
126	267	407	457	401	365	329	317	191	276	252	249	
12	4	3	2	7	
249	457	407	267	329	
1297	2962	2102	2615	1353	

101	3	7	3
52	75	94	45	146	421	400	308	135	337	166	164	
12	7	
164	400	
3684	22419	

101	3	8	3
169	70	298	21	273	234	331	143	48	7	280	23	
12	4	5	-212	3	2	1	
23	21	273	358	298	70	169	
1290	2817	2220	3226	4496	3413	5946	

101	4	6	3
10	338	106	152	236	182	367	418	93	387	89	320	
12	11	2	1	
320	89	338	10	
2171	2851	2629	44630	

101	4	10	3
70	313	340	220	36	148	294	477	395	337	333	472	
5	11	
36	333	
1443	37968	

101	4	13	3
35	455	453	270	297	231	409	281	228	317	196	427	
2	5	6	-103	-202	8	
455	297	231	131	286	281	
1901	2046	5863	15126	16826	2130	

101	4	15	3
102	239	67	404	243	193	183	177	241	235	82	425	
12	8	
425	177	
1297	27685	

101	6	3	3
158	294	63	325	142	218	306	78	35	46	176	94	
5	6	7	8	4	
142	218	306	78	325	
1859	1297	1047	3420	7757	

101	6	5	3
412	339	173	128	82	383	11	260	472	473	253	156	
12	3	
156	173	
2796	22349	

101	6	10	3
392	73	151	134	273	136	113	367	401	374	310	91	
12	4	8	9	
91	134	367	401	
1845	2775	3559	29802	

101	6	13	3
187	359	248	408	395	180	53	87	468	406	179	43	
7	9	10	12	6	
53	468	406	43	180	
1429	1450	853	1852	6862	

101	7	3	3
444	417	419	472	59	245	140	422	371	210	111	139	
8	5	-104	
422	59	91	
1484	2282	8715	

101	7	4	3
327	188	361	437	30	244	238	411	226	134	190	225	
9	10	3	4	
226	134	361	437	
2151	1068	5211	8042	

101	7	5	3
246	343	227	445	178	317	360	158	390	321	162	146	
11	7	4	
162	360	445	
1582	1255	23314	

101	7	8	3
303	201	458	218	194	300	253	136	331	293	373	124	
10	-710	
293	351	
1443	5335	

101	7	10	3
304	219	474	73	310	17	480	302	207	151	103	122	
12	8	3	1	2	7	
122	302	474	304	219	480	
1734	1214	1297	2615	6217	749	

101	7	11	3
66	289	138	366	47	392	318	52	455	299	117	12	
10	12	11	-607	
299	12	117	360	
9249	3767	7542	2692	

101	7	14	3
267	415	127	161	54	405	375	173	279	340	314	413	
6	7	8	12	
405	375	173	413	
1110	1727	3309	4191	

101	8	3	3
62	122	395	232	147	136	66	191	42	332	132	166	
10	4	3	9	
332	232	395	42	
1346	4683	2893	2602	

101	8	6	3
138	346	195	271	322	287	218	229	72	430	183	235	
7	6	-99	-306	9	
218	287	73	136	72	
1651	2921	5204	9096	3462	

101	8	13	3
331	169	358	46	174	153	277	41	383	114	466	409	
8	-909	12	
41	155	409	
1360	1824	853	

101	9	6	3
113	228	417	416	50	40	394	399	80	122	415	56	
2	6	4	-99	
228	40	416	104	
1706	1436	2782	6432	

101	9	9	3
6	21	185	331	71	239	231	205	225	145	18	182	
11	12	2	7	
18	182	21	231	
1790	957	999	2491	

101	9	14	3
383	281	368	359	315	438	475	207	443	177	312	370	
6	5	8	7	9	
438	315	207	475	443	
1089	1755	3108	3330	15161	

101	10	4	3
147	219	456	98	273	56	169	178	91	16	363	97	
6	7	11	-312	
56	169	363	18	
1741	2268	30239	6002	

101	10	10	3
473	374	327	51	126	258	237	312	83	269	358	412	
-99	7	9	10	
429	237	83	269	
1935	1415	1068	3885	

101	10	11	3
94	85	270	66	202	187	240	319	80	405	318	90	
10	12	7	
405	90	240	
915	4059	3164	

101	10	12	3
425	214	180	239	310	95	162	281	328	360	294	186	
3	12	8	
180	186	281	
1172	2282	6279	

101	10	13	3
22	331	81	443	304	222	300	189	372	196	438	100	
10	6	8	
196	222	189	
1020	16236	11053	

141	1	4	3
157	96	471	146	108	155	229	213	421	283	241	418	
2	3	12	4	11	
96	471	418	146	241	
1519	2782	2761	2629	15126	

141	1	7	3
353	349	373	407	227	438	369	189	249	51	393	356	
7	3	8	
369	373	189	
1540	2026	9547	

141	1	8	3
197	97	39	210	63	33	391	137	196	95	225	340	
4	9	12	
210	196	340	
2914	2317	15771	

141	1	9	3
4	113	187	2	443	351	215	371	380	11	204	91	
12	6	
91	351	
1901	11150	

141	1	10	3
327	233	457	467	285	420	211	161	1	154	325	269	
1	2	12	
327	233	269	
1817	1838	3816	

141	1	12	3
58	214	192	98	389	139	25	295	65	250	174	331	
12	-210	9	
331	154	65	
1748	3129	16791	

141	1	15	3
237	119	200	464	221	77	109	314	442	179	366	236	
12	3	
236	200	
2636	2116	

141	2	6	3
52	118	431	221	200	213	205	152	29	318	111	15	
12	5	3	4	
15	200	431	221	
1623	1686	1630	1498	

141	2	8	3
330	216	38	182	257	289	450	169	131	338	253	295	
1	3	6	12	11	
330	38	289	295	253	
1970	1658	1741	2019	29545	

141	2	9	3
383	308	164	82	369	6	237	115	466	188	33	314	
7	
237	
1679	

141	2	10	3
225	129	27	435	470	20	98	291	42	270	244	445	
12	3	10	
445	27	270	
1887	1894	2629	

141	2	11	3
210	61	126	351	246	384	362	55	405	347	408	56	
9	6	
405	384	
1526	10873	

141	2	14	3
367	181	128	404	67	343	423	218	352	444	240	337	
12	-306	7	
337	384	423	
1602	25333	3094	

141	3	5	3
197	399	454	206	427	293	184	220	162	177	235	375	
9	11	12	
162	235	375	
1894	3566	2921	

141	3	11	3
102	321	88	475	424	35	374	192	258	212	442	65	
12	4	5	9	1	-99	
65	475	424	258	102	481	
2914	1387	1373	2310	5939	23251	

141	3	12	3
326	449	8	247	387	363	468	285	209	233	61	232	
4	12	5	9	
247	232	387	209	
2151	1297	1297	4225	

141	3	15	3
165	193	147	313	214	410	203	457	81	26	261	219	
2	8	12	
193	457	219	
1679	9180	7639	

141	4	6	3
425	303	193	372	280	416	269	408	138	179	57	104	
12	1	2	10	11	
104	425	303	179	57	
1741	1471	1741	1588	1554	

141	4	13	3
158	230	394	17	299	204	86	222	117	211	63	118	
9	7	
117	86	
16049	3622	

141	5	4	3
88	93	266	449	431	46	348	232	191	48	111	27	
12	8	10	-99	6	
27	232	48	330	46	
5842	2595	1380	20982	7702	

141	6	9	3
120	274	422	377	52	96	23	1	33	254	155	67	
12	11	5	
67	155	52	
1658	1686	7410	

141	6	10	3
441	206	149	243	382	365	458	300	191	293	231	68	
8	7	9	5	
300	458	191	382	
1797	1387	3046	1380	

141	6	11	3
414	250	402	322	312	416	156	265	356	353	157	347	
12	11	10	
347	157	353	
2317	16493	12475	

141	6	12	3
90	430	404	289	337	426	141	285	111	148	316	467	
1	10	5	
90	148	337	
1706	1366	28331	

141	6	13	3
330	413	263	251	297	411	167	466	450	359	271	175	
1	11	12	
330	271	175	
2019	7972	22557	

141	7	11	3
156	290	354	423	6	245	193	342	176	356	255	470	
11	12	2	7	
255	470	290	193	
1998	1651	1804	3122	

141	7	15	3
426	141	411	180	287	403	31	213	201	184	154	389	
1	11	12	10	8	
426	154	389	184	213	
1734	1859	1255	5016	19955	

141	8	5	3
70	324	116	394	90	202	352	356	282	127	83	278	
9	3	
282	116	
4052	2948	

141	8	11	3
285	129	480	167	224	133	250	213	350	315	333	200	
10	11	2	
315	333	129	
1859	1540	8541	

141	8	12	3
259	97	162	471	245	45	23	145	319	183	149	386	
12	10	-110	
386	183	315	
1006	1505	20851	

141	9	14	3
180	213	293	457	176	298	59	171	127	374	189	15	
12	2	9	
15	213	127	
1346	1366	4815	

181	1	4	3
429	259	12	103	309	60	48	192	273	121	423	264	
1	3	5	9	11	12	2	2	
429	12	309	273	423	264	259	259	
5315	1977	2234	1998	1928	14550	8076	2581	

181	1	6	3
425	435	90	180	151	105	44	320	267	454	115	136	
3	12	10	
90	136	454	
4746	2581	2345	

181	1	10	3
295	73	404	187	20	165	369	167	298	421	397	412	
6	1	4	5	2	9	10	11	7	8	
165	295	187	20	73	298	421	397	369	167	
2837	1824	1304	6557	8257	11365	867	1103	8562	1998	

181	1	12	3
92	374	418	316	434	27	18	5	262	387	460	430	
1	2	3	7	8	9	10	
92	374	418	18	5	262	387	
2935	1214	1165	1630	2234	13835	8652	

181	1	13	3
64	450	185	70	378	74	102	251	461	210	335	471	
3	2	1	4	5	7	11	
185	450	64	70	378	102	335	
10997	1602	1928	2352	1852	2976	6321	

181	2	3	3
69	300	193	34	388	57	303	206	395	93	249	227	
11	12	7	8	1	6	
249	227	303	206	69	57	
2456	2123	8042	7424	2775	24348	

181	2	6	3
28	66	287	446	440	460	213	450	297	402	36	225	
1	2	3	6	7	9	12	12	
28	66	287	460	213	297	225	225	
3372	1360	1623	1908	1769	2491	20601	3004	

181	2	10	3
27	184	304	410	260	3	87	414	290	125	261	241	
1	1	10	-305	9	11	
27	27	125	111	290	261	
4017	1082	756	2699	2067	25340	

181	2	14	3
278	317	274	418	316	178	48	65	77	415	427	293	
12	-102	5	4	
293	403	316	418	
4482	1547	4954	6425	

181	3	5	3
318	120	175	435	215	3	416	384	193	439	159	32	
1	2	3	6	4	11	
318	120	175	3	435	159	
4586	1498	1637	1477	1831	9263	

181	3	6	3
186	225	480	313	229	142	453	110	98	187	283	380	
1	2	3	4	5	7	6	10	11	
186	225	480	313	229	453	142	187	283	
3254	2164	2060	2421	1859	3337	2123	1949	2012	

181	3	10	3
111	46	437	182	156	137	275	369	317	164	415	127	
1	2	8	3	4	
111	46	369	437	182	
6515	2199	2726	16750	2817	

181	3	13	3
359	349	363	146	202	434	336	472	183	153	321	377	
7	12	1	2	3	9	
336	377	359	349	363	183	
4669	1845	2650	5287	2213	10623	

181	3	14	3
29	220	243	39	79	475	179	199	281	188	329	125	
1	-99	1	-1306	2	7	8	10	9	
29	481	29	468	220	179	199	188	281	
2088	541	721	1311	1346	1346	1512	1311	21919	

181	3	15	3
293	91	260	232	429	62	71	14	333	22	99	44	
8	3	
14	260	
8208	19393	

181	4	3	3
201	162	416	373	267	408	217	185	174	362	119	402	
1	2	5	3	12	
201	162	267	416	402	
2886	804	1373	2019	1436	

181	4	10	3
205	370	127	80	114	142	466	339	477	428	70	32	
12	9	-102	-103	2	1	6	
32	477	433	234	370	205	142	
2747	2914	4413	2407	30294	2393	13641	

181	4	12	3
38	250	122	434	10	57	213	7	352	112	381	227	
12	-108	8	1	2	3	4	
227	8	7	38	250	122	434	
2671	2255	2865	11726	2074	1942	1873	

181	4	13	3
448	401	249	252	210	257	92	170	180	163	294	453	
11	12	2	5	
294	453	401	210	
2948	2178	7389	5488	

181	5	8	3
297	244	202	257	188	415	308	108	153	284	306	123	
12	10	1	2	11	
123	284	297	244	306	
3580	2629	4586	3309	30551	

181	5	10	3
176	372	268	444	276	370	326	220	278	163	267	331	
11	9	12	10	
267	278	331	163	
2720	2768	5134	7618	

181	5	11	3
174	122	42	314	438	383	35	338	38	212	301	369	
12	11	8	10	1	2	3	
369	301	338	212	174	122	42	
2796	2622	3171	2914	12573	3316	2865	

181	5	15	3
199	465	117	165	280	33	394	37	417	67	148	435	
-112	12	8	11	2	4	
295	435	37	148	465	165	
3802	2067	2511	2241	15952	2844	

181	6	3	3
134	83	135	399	462	392	74	401	151	82	11	266	
-211	-110	8	7	
10	284	401	74	
2650	5814	978	9117	

181	6	6	3
459	52	426	140	57	360	293	13	166	221	235	73	
7	4	6	2	5	
293	140	360	52	57	
4204	2400	2955	4385	4066	

181	6	7	3
63	5	105	436	88	195	395	136	355	116	108	263	
12	4	2	3	1	
263	436	5	105	63	
4385	5682	3545	2352	2040	

181	6	8	3
455	234	463	348	309	285	380	205	128	354	296	111	
7	8	1	3	2	12	-112	
380	205	455	463	234	111	263	
2948	1366	2282	2928	1457	2040	20379	

181	6	13	3
99	3	291	316	165	225	270	333	215	44	17	255	
1	2	11	8	-110	
99	3	17	333	118	
3476	2921	21850	5113	10428	

181	6	14	3
441	447	155	69	289	446	411	315	153	371	417	223	
12	6	7	11	9	
223	446	411	417	153	
3719	4537	7306	9769	16340	

181	7	3	3
66	159	29	467	41	261	44	148	97	12	415	278	
12	10	9	8	11	1	3	4	
278	12	97	148	415	66	29	467	
3538	1949	1880	2019	1859	17680	2227	1575	

181	7	4	3
40	317	53	98	33	52	85	49	106	368	235	430	
10	12	8	
368	430	49	
3864	2324	8853	

181	7	5	3
377	107	364	204	242	301	112	332	70	268	172	101	
-108	
49	
8853	

181	7	9	3
39	318	177	294	302	386	234	454	17	64	468	282	
3	10	11	-511	
177	64	468	235	
6321	5141	1956	34284	

181	7	12	3
146	188	89	398	60	339	200	81	347	252	276	80	
5	1	3	2	
60	146	89	188	
5301	1984	1845	1630	

181	8	4	3
281	391	200	477	261	328	115	353	370	444	439	234	
12	11	7	3	5	10	4	
234	439	115	200	261	444	477	
3941	2338	2484	11525	1651	1582	1762	

181	8	8	3
192	190	343	233	466	320	94	189	202	323	7	93	
7	1	2	3	4	12	
94	192	190	343	233	93	
5391	8735	3205	2844	2720	13440	

181	8	10	3
12	140	237	279	83	28	332	216	86	228	226	380	
11	3	
226	237	
4975	31946	

181	9	3	3
215	288	84	308	360	64	287	257	420	204	324	83	
11	7	1	5	2	9	11	
324	287	215	360	288	420	324	
4579	3670	5502	2914	2914	2393	9672	

181	9	12	3
97	275	321	465	72	476	314	241	224	60	437	355	
11	12	6	3	5	
437	355	476	321	72	
3039	2130	1859	1873	1838	

181	10	8	3
106	446	338	448	58	157	247	259	166	218	163	107	
12	6	8	11	
107	157	259	163	
9957	1894	2046	11171	

181	10	11	3
167	187	310	214	131	389	272	208	146	169	346	322	
-99	
481	
97	

201	1	3	3
468	317	2	104	295	149	246	334	243	98	93	77	
2	7	12	4	
317	246	77	104	
5786	950	5606	12677	

201	1	4	3
245	445	160	355	475	101	92	207	89	58	81	23	
12	7	-102	9	
23	92	317	89	
2886	2449	11643	10567	

201	1	7	3
88	369	412	405	164	64	431	262	60	258	455	442	
8	12	9	
262	442	60	
8326	17617	31953	

201	1	12	3
192	4	203	189	177	305	69	477	35	323	206	131	
6	-205	2	10	
305	238	4	323	
2213	12628	12128	5842	

201	2	4	3
70	134	6	187	178	433	250	109	303	286	131	391	
12	9	11	7	8	-110	
391	303	131	250	109	298	
2456	1248	2338	4586	5814	9936	

201	2	5	3
101	249	221	145	185	139	448	366	31	265	123	177	
5	12	9	11	6	8	
185	177	31	123	139	366	
1158	1248	6022	5315	2761	3275	

201	2	6	3
277	83	466	14	421	261	48	431	241	210	345	204	
1	5	2	11	6	4	10	
277	421	83	345	261	14	210	
1387	1172	1304	3108	3184	1915	13107	

201	2	8	3
169	306	325	149	124	175	137	440	91	360	194	153	
12	10	-609	
153	360	78	
2012	21128	7708	

201	2	10	3
276	383	219	99	159	420	402	212	53	262	198	186	
12	9	1	
186	53	276	
1720	5120	9797	

201	2	11	3
254	171	232	365	133	80	472	19	170	274	368	40	
4	12	9	
365	40	170	
1408	1540	7521	

201	3	8	3
472	374	270	403	131	480	282	452	109	58	295	456	
12	5	3	-202	9	11	8	
456	131	270	252	109	295	452	
2615	2359	1727	2081	2164	2164	5641	

201	3	12	3
235	24	151	154	337	77	247	179	99	395	84	451	
7	11	-910	-99	5	-607	
247	84	315	481	337	213	
3975	5842	6335	6085	5349	17666	

201	3	14	3
372	304	379	364	141	339	423	78	89	160	227	425	
12	10	
425	160	
1415	1082	

201	3	15	3
123	52	249	19	44	426	13	69	386	396	91	127	
2	-99	9	8	
52	94	386	69	
9464	1144	1172	13773	

201	4	5	3
37	211	178	27	404	408	9	187	291	63	246	395	
12	3	5	10	8	7	1	
395	178	404	63	187	9	37	
3712	1984	2053	3406	13065	16389	5106	

201	4	7	3
315	268	398	131	292	217	126	322	233	393	129	213	
12	5	-105	-604	7	
213	292	19	120	126	
2629	1512	30273	11282	2733	

201	4	8	3
190	414	97	23	171	328	295	193	313	118	321	83	
12	10	9	
83	118	313	
2782	34388	8035	

201	4	10	3
418	431	306	348	277	376	385	22	372	49	150	245	
2	1	5	10	8	
431	418	277	49	22	
2831	1942	1179	1651	16535	

201	5	6	3
362	421	113	71	60	443	433	249	347	272	232	116	
12	11	
116	232	
3774	11372	

201	5	8	3
295	242	10	88	333	90	380	153	397	126	23	203	
12	11	6	-511	
203	23	90	330	
4475	6994	2893	30669	

201	5	10	3
61	14	36	314	92	273	327	101	315	12	263	248	
2	-204	
14	88	
35935	9325	

201	6	5	3
408	366	347	250	67	263	69	71	433	247	169	44	
9	12	
433	44	
1623	902	

201	6	7	3
176	85	49	289	378	14	237	474	95	246	34	99	
10	5	9	
246	378	95	
13343	638	922	

201	6	10	3
346	68	381	386	182	301	1	214	40	315	130	32	
12	5	10	-102	
32	182	315	158	
1075	707	957	6522	

201	6	14	3
150	112	299	199	47	62	338	420	479	425	113	213	
12	8	
213	420	
1665	10526	

201	6	15	3
241	356	175	423	305	140	151	84	172	225	224	7	
1	2	3	4	5	8	7	
241	356	175	423	305	84	151	
3177	1235	2151	1131	3247	2421	4156	

201	7	4	3
405	118	445	79	309	444	336	325	198	105	259	61	
9	5	
198	309	
1505	4940	

201	7	7	3
68	341	222	473	315	197	19	97	94	227	384	286	
12	9	-409	4	-612	
286	94	386	473	240	
1131	8500	1179	41431	6258	

201	7	10	3
109	248	452	305	268	76	282	402	33	214	146	403	
12	
403	
936	

201	7	11	3
354	450	221	332	252	375	238	51	365	23	425	391	
12	10	
391	23	
1824	3462	

201	7	15	3
260	453	219	153	348	258	390	239	368	335	136	200	
12	8	
200	239	
825	1700	

201	8	8	3
143	190	310	296	208	19	112	456	40	415	25	9	
12	9	
9	40	
1137	2421	

201	8	9	3
51	268	103	391	438	131	458	1	60	6	261	360	
2	1	11	9	-112	
268	51	261	60	9	
2643	3288	10262	9270	6120	

201	8	13	3
128	468	465	435	389	50	86	99	215	202	226	222	
5	6	11	-308	
389	50	226	246	
638	929	6855	4503	

201	8	14	3
410	247	198	254	276	267	363	183	162	137	371	109	
12	11	10	
109	371	137	
1103	881	1304	

201	8	15	3
318	171	187	234	256	170	127	52	430	8	196	409	
12	
409	
908	

201	9	3	3
177	324	449	21	162	103	102	439	118	72	32	447	
9	12	11	
118	447	32	
1477	1637	5342	

201	9	13	3
126	17	407	134	30	67	130	269	116	401	230	305	
8	10	
269	401	
2761	23723	

201	10	11	3
289	390	192	309	100	316	271	113	389	422	36	165	
12	10	6	-103	
165	422	316	268	
2456	1221	10914	23765	

241	1	6	3
448	98	171	89	196	45	96	392	288	155	47	74	
11	12	10	7	
47	74	155	96	
1290	423	638	499	

241	1	7	3
226	462	442	411	16	294	324	31	452	233	5	239	
1	12	3	9	7	5	8	11	12	4	
226	239	442	452	324	16	31	5	239	411	
1824	1339	1436	1422	908	811	1582	4406	4822	34485	

241	1	8	3
138	84	17	379	109	418	150	240	187	356	403	37	
11	9	12	4	2	
403	187	37	379	84	
1519	846	485	451	12503	

241	1	9	3
128	314	238	263	79	75	408	129	38	334	151	7	
3	1	2	5	10	
238	128	314	79	334	
1429	1075	784	7979	25166	

241	1	14	3
184	195	456	164	246	8	301	139	210	469	52	388	
10	11	12	5	11	
469	52	388	246	52	
1131	423	673	9200	5481	

241	2	4	3
77	309	204	62	100	239	1	327	362	25	105	111	
8	2	5	-112	10	11	
327	309	100	47	25	105	
2144	1020	12462	7507	6272	3955	

241	2	5	3
88	18	60	225	314	267	268	112	382	234	90	168	
11	5	
90	314	
2720	11046	

241	2	6	3
306	53	6	371	256	19	124	145	21	412	110	2	
5	4	9	7	12	
256	371	21	124	2	
1332	610	1040	346	853	

241	2	14	3
58	440	395	451	140	468	255	243	353	320	238	298	
12	8	11	2	
298	243	238	440	
1214	1436	1498	3524	

241	2	15	3
385	139	324	241	447	317	430	228	17	69	455	434	
10	12	9	
69	434	17	
1526	1491	5280	

241	3	3	3
123	90	69	265	51	89	116	281	127	41	312	134	
12	5	1	2	
134	51	123	90	
1200	763	2560	610	

241	3	7	3
360	77	199	200	259	305	45	104	269	56	193	216	
9	10	6	
269	56	305	
1477	1644	1637	

241	3	8	3
310	149	350	129	346	97	46	353	34	48	220	118	
11	10	6	12	
220	48	97	118	
1151	964	9679	17048	

241	3	12	3
145	443	349	347	372	187	82	231	35	196	245	103	
9	10	12	11	8	
35	196	103	245	231	
1144	1033	1693	6348	2449	

241	4	4	3
307	218	294	269	433	117	434	159	382	226	246	211	
6	10	11	
117	226	246	
978	1165	527	

241	4	7	3
180	204	412	65	341	74	238	297	291	298	194	250	
12	6	8	9	10	4	
250	74	297	291	298	65	
888	1464	1214	902	1415	7604	

241	4	10	3
377	112	376	417	129	77	420	210	305	228	330	98	
11	10	8	12	
330	228	210	98	
1491	1200	3857	10664	

241	4	12	3
242	284	319	333	104	277	261	289	181	311	21	62	
12	11	6	5	
62	21	277	104	
624	1269	14120	8055	

241	4	13	3
463	82	300	94	325	24	471	220	37	171	167	108	
9	5	7	8	-109	3	
37	325	471	220	181	300	
797	1554	568	2060	950	4392	

241	4	15	3
351	101	83	124	235	153	252	223	152	390	384	123	
12	6	9	11	-111	
123	153	152	384	454	
874	971	5863	4232	18131	

241	5	10	3
364	198	240	446	422	210	404	426	238	439	136	126	
10	11	5	6	7	
439	136	422	210	404	
1235	1047	1339	735	2234	

241	5	14	3
205	76	191	438	368	142	257	303	334	233	124	66	
12	9	
66	334	
1110	1262	

241	6	7	3
14	470	8	92	171	79	263	424	347	460	343	467	
12	8	11	
467	424	343	
1394	1248	1713	

241	6	11	3
308	254	286	335	239	173	411	28	145	341	244	176	
12	-103	10	
176	238	341	
2900	5349	4843	

241	7	9	3
231	125	157	350	266	369	201	153	336	90	143	402	
11	12	3	
143	402	157	
416	1110	5502	

241	8	4	3
347	408	267	391	432	420	64	404	173	269	291	81	
8	11	10	
404	291	269	
735	2629	3316	

241	8	13	3
323	296	464	443	229	272	69	169	98	150	130	317	
12	
317	
686	

241	8	14	3
300	384	351	178	298	407	28	57	159	383	275	10	
10	9	1	
383	159	300	
908	4017	2359	

241	9	9	3
61	378	4	180	382	450	186	85	122	17	235	20	
12	7	4	
20	186	180	
735	3788	14189	

241	9	10	3
417	101	92	179	203	139	255	291	430	325	238	479	
12	11	10	8	
479	238	325	291	
603	12128	3948	11664	

241	9	12	3
108	401	471	146	371	54	363	274	200	240	329	111	
5	10	11	
371	240	329	
770	596	659	

241	9	14	3
287	260	272	143	340	192	223	324	463	409	470	89	
12	10	9	
89	409	463	
367	832	2435	

241	10	5	3
421	117	407	352	349	140	282	72	361	118	377	111	
11	12	10	
377	111	118	
555	673	6140	

241	10	7	3
101	211	474	253	170	444	389	148	368	207	27	194	
12	5	
194	170	
992	631	

241	10	11	3
280	235	469	164	196	463	150	41	200	344	126	169	
10	
344	
582	

241	10	12	3
346	225	8	202	155	156	55	7	456	436	77	89	
12	7	-1109	
89	55	54	
270	2442	34	

261	1	3	3
87	349	351	106	20	175	320	291	77	52	101	39	
12	8	
39	291	
11421	4544	

261	1	9	3
69	145	286	71	457	250	205	294	225	342	38	392	
8	
294	
1942	

261	2	11	3
220	404	349	394	214	356	251	479	9	370	180	122	
11	-807	12	
180	378	122	
1193	4093	7882	

261	2	15	3
36	227	133	172	76	392	152	79	265	135	311	137	
-99	
481	
131	

261	3	4	3
114	213	330	291	96	205	210	139	58	460	235	129	
-99	
49	
26200	

261	3	6	3
391	224	262	322	149	89	308	387	406	317	17	60	
12	-210	11	10	
60	460	17	317	
1408	16070	5127	2262	

261	3	11	3
311	453	372	258	351	150	47	153	231	450	456	56	
11	12	9	-405	
456	56	231	329	
9131	2900	18186	10435	

261	3	12	3
91	375	307	88	321	250	358	239	120	388	237	357	
11	12	
237	357	
680	5780	

261	3	13	3
359	442	154	54	244	424	151	256	264	208	297	463	
12	-99	3	9	
463	166	154	264	
3809	12795	12288	1207	

261	3	15	3
85	380	189	276	285	364	162	432	265	279	182	448	
11	
182	
1033	

261	4	10	3
156	140	222	259	233	328	235	131	83	11	252	167	
11	12	-904	-404	10	
252	167	461	120	11	
1311	16181	11497	1054	1637	

261	5	3	3
195	473	210	344	107	176	95	62	218	261	324	393	
10	5	6	3	-99	11	
261	107	176	210	359	324	
1519	16715	12364	1311	3018	23231	

261	5	5	3
63	165	41	447	19	438	82	232	323	227	9	315	
12	8	-102	
315	232	16	
17388	1151	15723	

261	5	7	3
355	133	129	58	61	362	7	199	71	53	329	408	
12	11	10	10	-99	3	
408	329	53	53	56	129	
1915	1013	1908	867	1720	14564	

261	5	11	3
73	189	154	318	48	79	25	67	163	42	78	57	
12	-99	
57	46	
2095	28893	

261	5	13	3
216	476	394	391	268	281	81	37	206	368	23	310	
10	8	
368	37	
929	14703	

261	5	14	3
153	43	359	108	387	114	446	440	373	119	444	296	
11	1	12	
444	153	296	
1131	902	24695	

261	5	15	3
106	331	174	289	3	449	436	312	367	92	342	309	
10	7	
92	436	
1137	2262	

261	6	5	3
382	282	61	395	4	387	76	14	146	111	90	144	
8	7	
14	76	
1658	56925	

261	6	12	3
196	230	474	54	285	19	390	348	466	355	375	165	
10	
355	
10914	

261	7	6	3
370	136	208	144	434	161	81	102	367	171	127	239	
12	5	
239	434	
1665	10366	

261	7	9	3
31	159	284	313	279	308	1	222	249	305	413	352	
12	1	
352	31	
1297	10109	

261	7	10	3
202	74	59	291	150	182	86	18	260	192	230	79	
12	7	
79	86	
1512	12836	

261	8	3	3
220	305	128	307	20	238	103	367	323	22	414	7	
-99	10	8	
481	22	367	
27151	11816	5856	

261	8	4	3
426	80	212	331	311	134	167	213	425	451	142	299	
10	9	
451	425	
1054	874	

261	8	9	3
473	392	452	296	138	198	229	90	235	6	475	348	
-212	4	
187	296	
47738	3594	

261	9	12	3
275	452	75	66	5	78	337	295	3	234	300	327	
-110	11	
315	300	
11310	2400	

261	9	13	3
384	204	431	304	129	449	311	36	94	125	70	395	
-304	-1003	
291	258	
19477	2608	

261	9	15	3
439	355	464	214	201	15	256	474	221	288	375	323	
-1201	9	
136	221	
14592	48	

261	10	4	3
26	326	233	108	344	146	463	28	218	115	95	120	
11	12	
95	120	
1928	6862	

261	10	9	3
318	427	158	129	27	210	154	86	387	403	147	390	
12	8	
390	86	
7431	37483	

261	10	10	3
144	213	424	479	346	47	137	373	272	8	400	264	
7	
137	
14037	

261	10	11	3
216	203	130	239	3	478	187	320	204	311	220	155	
12	4	
155	239	
2164	3517	

261	10	13	3
459	352	235	188	304	342	254	138	194	242	460	357	
12	9	
357	194	
1318	5620	

261	10	15	3
255	445	80	42	182	287	81	473	353	91	174	444	
8	5	
473	182	
2491	12024	

281	1	8	3
71	89	308	255	90	239	472	142	370	445	278	105	
10	9	-203	
445	370	354	
2255	1311	49612	

281	1	14	3
350	164	161	160	385	342	454	312	85	215	102	100	
4	2	-99	
160	164	481	
19470	5967	18588	

281	2	5	3
431	42	241	108	255	48	302	201	193	322	445	1	
5	9	11	-99	-103	
255	193	445	200	134	
3053	5169	12829	1554	15209	

281	2	11	3
373	155	305	466	150	69	35	133	91	402	72	62	
12	11	
62	72	
4843	29198	

281	2	12	3
239	52	226	293	183	262	281	197	47	200	232	257	
5	4	3	9	
183	293	226	47	
2144	5211	520	6453	

281	2	14	3
394	410	356	378	16	24	283	7	157	246	337	204	
10	-111	4	3	12	
246	292	378	356	204	
4718	6751	8083	1318	5405	

281	3	4	3
445	468	429	479	405	81	194	265	361	189	97	88	
5	10	12	9	
405	189	88	361	
1956	1013	874	11192	

281	3	10	3
132	441	416	165	143	37	101	119	290	311	65	170	
12	11	8	-99	
170	65	119	481	
2699	895	1561	31848	

281	3	12	3
404	410	50	79	244	39	58	295	337	472	413	314	
-402	
122	
19546	

281	3	15	3
26	173	214	133	422	372	347	270	385	222	46	471	
12	1	-111	
471	26	116	
3268	12954	4877	

281	4	3	3
294	389	262	286	109	101	422	321	9	121	113	134	
5	12	7	11	10	
109	134	422	113	121	
1255	770	555	811	2608	

281	4	12	3
330	403	188	196	379	96	306	241	451	127	289	355	
-204	11	-110	10	9	8	3	12	6	-312	-710	
419	289	425	127	451	241	188	355	96	211	51	
2504	957	2837	610	381	1450	13988	1727	14051	13100	2040	

281	4	15	3
439	68	198	343	380	362	145	418	457	149	245	228	
11	9	12	7	
245	457	228	145	
2421	700	3476	9006	

281	5	3	3
56	275	306	48	222	333	268	100	47	46	91	54	
12	11	9	-210	-99	
54	91	47	128	193	
1276	770	3025	15043	5752	

281	5	5	3
295	209	297	469	251	63	233	83	406	311	402	93	
12	7	2	
93	233	209	
2046	680	53171	

281	5	12	3
135	76	28	232	327	194	77	231	150	202	237	318	
12	9	10	-404	-201	-99	-308	
318	150	202	316	161	103	421	
1720	2685	3101	8090	11129	27720	1866	

281	6	4	3
316	405	450	261	96	243	280	53	228	210	97	55	
11	6	-99	9	
97	243	44	228	
2685	2553	18748	12170	

281	6	10	3
180	17	317	407	21	420	203	61	474	133	23	324	
12	-808	11	8	
324	109	23	61	
3073	1575	7715	12760	

281	6	12	3
298	119	95	141	220	24	370	124	310	444	347	125	
12	9	8	7	11	10	6	
125	310	124	370	347	444	24	
1824	638	804	3177	8160	10907	13683	

281	7	3	3
347	76	19	300	403	181	221	24	342	406	176	253	
6	5	9	12	8	
181	403	342	253	24	
2463	3316	4059	3365	12219	

281	7	5	3
254	365	279	184	278	60	6	461	202	477	100	190	
10	9	
477	202	
2525	6952	

281	7	10	3
133	66	34	389	189	152	197	223	88	335	241	354	
11	-403	2	-99	-104	
241	212	66	74	52	
4864	659	12559	8812	3247	

281	8	3	3
83	48	19	59	88	100	170	238	197	199	425	313	
10	12	-99	7	-108	
199	313	335	170	7	
3531	1401	23661	10540	18165	

281	8	5	3
106	347	382	230	185	265	182	365	147	90	187	128	
12	5	6	10	-99	
128	185	265	90	344	
1845	700	19428	8840	12885	

281	8	7	3
390	303	220	159	307	465	443	339	469	51	169	103	
11	2	8	
169	303	339	
1762	4718	6342	

281	8	11	3
129	184	115	276	296	137	38	176	213	110	191	143	
12	11	5	9	7	1	4	
143	191	296	213	38	129	276	
2442	527	471	1228	1200	28782	6702	

281	9	5	3
96	61	334	444	216	190	259	212	168	188	422	80	
10	11	2	1	3	12	
188	422	61	96	334	80	
1297	506	749	5911	3233	13197	

281	9	8	3
49	240	267	30	218	239	67	176	337	234	477	342	
12	8	4	10	
342	176	30	234	
839	846	2581	2872	

281	10	6	3
166	216	348	383	471	156	425	442	18	465	84	50	
-99	6	10	3	
87	156	465	348	
2213	3795	4100	41917	

301	1	8	3
371	276	93	195	84	194	365	367	408	345	265	267	
12	11	7	8	
267	265	365	367	
1984	1006	1242	1616	

301	1	10	3
138	327	147	304	159	130	202	79	191	106	402	478	
11	3	-99	10	7	6	
402	147	481	106	202	130	
3809	1103	4877	13502	22349	6244	

301	2	4	3
278	349	214	319	332	49	394	465	467	5	380	131	
12	10	5	
131	5	332	
1901	645	1582	

301	2	6	3
302	168	164	61	141	232	112	178	367	124	179	237	
12	6	4	2	
237	232	61	168	
1498	1193	6355	20552	

301	2	8	3
455	351	266	340	366	95	111	191	106	104	127	468	
12	4	9	10	
468	340	106	104	
1512	1928	9318	8472	

301	2	9	3
8	59	390	156	118	247	86	374	181	336	113	102	
11	5	12	
113	118	102	
1255	791	14689	

301	2	11	3
23	184	397	188	185	396	408	97	420	356	67	421	
10	12	11	2	3	
356	421	67	184	397	
1144	423	506	985	444	

301	2	15	3
172	255	361	68	308	177	199	274	215	406	357	362	
12	10	6	7	
362	406	177	199	
1276	908	4794	2595	

301	3	5	3
4	215	427	308	282	214	199	68	85	453	470	75	
12	1	-402	
75	4	23	
1353	1769	2574	

301	3	7	3
161	175	263	89	117	100	41	448	26	79	281	237	
12	9	5	11	4	
237	26	117	281	89	
1464	1401	5835	4947	8937	

301	3	8	3
304	78	148	288	346	22	403	139	293	242	50	201	
12	5	11	9	8	
201	346	50	293	139	
1755	1131	7355	8728	19942	

301	3	10	3
170	149	19	272	286	203	256	192	56	360	422	152	
1	3	11	12	8	4	-312	
170	19	422	152	192	272	237	
1991	645	3115	992	28913	13745	2130	

301	3	14	3
388	217	16	471	38	146	325	151	411	363	153	10	
11	12	5	6	
153	10	38	146	
1471	492	3677	2289	

301	3	15	3
433	236	253	450	94	207	55	407	380	29	144	285	
7	12	1	5	6	
55	285	433	94	207	
1575	13863	3941	32411	596	

301	4	6	3
379	363	55	476	145	79	214	268	78	403	447	203	
12	11	-112	
203	447	301	
1790	1110	23078	

301	4	11	3
177	342	478	21	374	216	117	295	360	289	52	338	
12	7	4	5	
338	117	21	374	
1700	2310	763	7958	

301	4	12	3
243	353	368	87	427	411	247	101	178	378	195	335	
1	4	
243	87	
1561	43138	

301	4	15	3
432	429	241	445	375	327	8	23	118	183	68	303	
10	6	12	11	-1104	9	8	
183	327	303	68	470	118	23	
2137	1595	3136	3955	4655	10671	28976	

301	5	5	3
129	118	373	285	80	235	359	272	409	310	81	229	
12	7	-107	
229	359	70	
1512	9041	7202	

301	5	7	3
367	461	150	220	444	414	61	146	196	455	463	378	
12	3	4	1	
378	150	220	367	
2005	4600	922	13516	

301	5	13	3
25	436	458	393	33	94	22	140	254	111	265	185	
12	1	11	8	
185	25	265	140	
1582	1762	1852	6626	

301	6	4	3
51	321	383	172	312	474	110	150	217	56	250	185	
12	
185	
2185	

301	6	6	3
309	263	239	306	81	416	46	55	415	197	213	256	
12	11	
256	213	
1547	1318	

301	6	10	3
171	339	64	79	85	243	296	364	283	176	348	223	
10	8	9	
176	364	283	
2595	985	1706	

301	6	12	3
66	390	145	165	420	232	219	134	210	80	276	311	
12	3	
311	145	
2588	1131	

301	6	13	3
236	366	419	71	118	422	400	255	307	316	84	473	
12	6	7	5	-105	
473	422	400	118	420	
2213	1693	2414	25284	11365	

301	7	4	3
353	134	29	466	375	349	141	45	131	58	273	26	
12	11	5	10	-101	9	
26	273	375	58	76	131	
1457	3927	1672	7209	6765	4447	

301	7	7	3
56	257	78	196	186	302	324	36	262	213	270	126	
7	9	5	12	
324	262	186	126	
1526	1693	1325	5433	

301	7	8	3
477	449	290	216	276	456	388	42	304	144	340	415	
12	10	6	4	5	
415	144	456	216	276	
1200	1554	4551	11650	17298	

301	7	12	3
256	355	254	411	316	425	55	209	439	429	460	368	
12	9	8	4	
368	439	209	411	
1124	728	1464	4066	

301	7	13	3
47	158	19	252	397	74	295	102	343	251	81	474	
-111	12	5	6	11	
460	474	397	74	81	
2602	1353	3635	4912	11955	

301	7	14	3
362	173	152	443	468	17	190	333	335	200	67	181	
12	6	11	-99	
181	17	67	318	
1443	7466	2817	10068	

301	8	4	3
216	30	348	13	174	325	384	364	168	284	148	398	
12	9	4	7	10	11	-99	8	
398	168	13	384	284	148	158	364	
1623	3857	2262	6279	1713	12475	17839	4829	

301	8	6	3
456	54	306	206	391	353	147	375	10	116	362	143	
12	8	5	
143	375	391	
1110	714	27977	

301	8	8	3
225	11	137	191	106	43	428	409	367	410	31	254	
12	11	2	3	
254	31	11	137	
1179	985	9020	35811	

301	8	14	3
64	140	369	406	245	101	236	350	155	188	149	333	
10	12	7	11	3	
188	333	236	149	369	
1908	3205	1998	3968	1984	

301	9	3	3
81	241	98	157	128	476	270	275	371	463	118	205	
12	10	11	6	9	-108	-107	
205	463	118	476	371	365	348	
1651	2525	4433	4107	2428	14273	3018	

301	9	9	3
198	452	189	310	333	320	291	422	402	327	27	206	
12	8	3	-112	
206	422	189	296	
1311	1040	10408	24868	

301	9	11	3
57	151	285	380	469	340	292	83	268	167	182	180	
12	3	3	
180	285	285	
1276	1366	15001	

301	9	13	3
164	201	73	354	130	306	171	79	375	214	331	173	
12	1	2	7	9	8	3	
173	164	201	171	375	79	73	
1172	1686	1255	1595	1595	1332	23466	

301	9	15	3
247	126	364	260	184	434	147	204	251	290	388	67	
11	9	3	5	10	
388	251	364	184	290	
1207	1137	1748	1797	1963	

301	10	7	3
428	172	91	208	274	92	418	313	187	367	37	129	
12	11	7	6	
129	37	418	92	
1061	2005	13828	22571	

301	10	8	3
278	336	437	365	387	376	429	340	82	427	297	422	
12	11	-111	4	
422	297	37	365	
1346	2477	14057	6571	

301	10	11	3
24	58	409	118	205	430	135	145	38	398	10	449	
12	4	8	11	7	
449	118	145	10	135	
1956	839	3379	992	5287	

301	10	14	3
250	285	385	74	4	281	256	54	452	128	102	231	
12	2	10	11	
231	285	128	102	
1172	2012	978	7362	

381	1	4	3
71	79	140	178	69	413	217	241	25	311	182	191	
11	12	2	8	-101	
182	191	79	241	318	
1443	721	2359	42375	6744	

381	1	12	3
245	181	409	85	300	268	350	185	13	42	253	244	
12	7	10	
244	350	42	
1852	797	56460	

381	1	13	3
473	4	202	240	111	480	334	92	307	98	192	176	
12	12	10	-99	8	
176	176	98	481	92	
1061	1248	562	8763	13579	

381	4	7	3
390	115	78	40	190	217	346	49	31	301	184	19	
12	10	9	5	-99	
19	301	31	190	401	
999	1679	5766	1283	44623	

381	4	13	3
361	344	89	22	317	451	82	47	237	258	229	379	
11	12	8	9	10	
229	379	47	237	258	
1242	582	832	1221	3566	

381	5	7	3
185	262	339	329	281	153	439	147	444	327	440	335	
10	11	4	
327	440	329	
1033	568	6612	

381	6	12	3
402	455	60	287	367	404	438	276	35	373	419	215	
12	9	6	4	
215	35	404	287	
1013	1332	1380	5051	

381	6	15	3
463	459	211	439	224	473	277	428	176	320	440	121	
12	-99	11	1	2	3	
121	216	440	463	459	211	
964	1020	2484	16417	804	4926	

381	7	4	3
400	108	237	253	199	89	16	401	48	217	265	209	
10	-202	7	8	12	
217	390	16	401	209	
1436	2255	2164	541	31835	

381	8	6	3
162	299	105	351	121	24	84	382	292	462	233	113	
11	10	8	6	9	
233	462	382	24	292	
3115	825	1484	9957	20164	

381	8	7	3
366	321	48	250	399	405	244	419	323	107	80	243	
12	-99	-209	
243	481	119	
1658	17922	13842	

381	8	11	3
178	333	326	115	86	231	160	117	167	356	201	469	
11	8	2	12	-111	10	-406	
201	117	333	469	277	356	405	
1568	11393	5044	3226	17610	5113	5412	

381	8	13	3
438	159	44	123	232	142	363	316	456	426	77	332	
12	
332	
1096	

381	9	6	3
129	434	19	103	208	95	66	351	98	258	185	193	
12	11	9	5	
193	185	98	208	
1110	929	1984	17811	

381	9	9	3
155	276	234	445	210	28	25	373	257	402	69	184	
12	10	8	7	-511	
184	402	373	25	174	
1103	728	1346	770	43790	

381	9	13	3
77	348	429	281	458	243	159	170	43	128	292	179	
12	11	10	
179	292	128	
527	659	1026	

381	10	4	3
197	170	154	237	8	239	91	221	362	179	34	390	
9	11	12	10	6	
362	34	390	179	239	
1186	721	756	1096	13287	

381	10	10	3
32	333	279	58	100	376	2	120	31	136	469	384	
12	1	10	10	
384	32	136	136	
673	943	36359	4218	

381	10	13	3
372	302	444	203	278	214	352	133	186	156	183	236	
1	11	6	
372	183	214	
4295	28837	9776	

381	10	15	3
267	338	303	344	53	307	106	400	191	232	367	215	
12	3	2	
215	303	338	
721	9450	992	

421	1	13	3
126	150	478	314	428	265	399	449	378	107	397	163	
11	12	3	1	10	2	
397	163	478	126	107	150	
1727	1762	2067	2338	8382	27817	

421	2	8	3
413	452	339	176	464	250	279	274	98	478	431	42	
10	4	11	3	2	
478	176	431	339	452	
2373	2428	7202	10540	1852	

421	2	9	3
306	232	181	378	151	363	480	238	115	453	132	448	
12	3	2	11	
448	181	232	132	
1526	1124	2511	7542	

421	3	5	3
123	27	48	307	360	20	359	104	21	13	275	216	
9	12	10	11	
21	216	13	275	
2040	1804	2837	3781	

421	3	10	3
391	274	379	291	26	122	6	353	121	137	91	300	
3	4	8	10	11	
379	291	353	137	91	
1956	1720	1804	2130	10470	

421	3	13	3
87	51	246	111	197	347	175	278	303	23	182	312	
8	10	
278	23	
2310	1790	

421	3	15	3
72	344	214	259	258	454	172	477	159	299	7	343	
12	8	4	
343	477	259	
2005	2331	11490	

421	4	9	3
53	464	373	228	405	388	452	369	207	117	193	378	
4	3	1	11	5	-206	10	
228	373	53	193	405	252	117	
1471	1366	1339	1908	2400	1977	3337	

421	4	14	3
63	410	428	203	140	141	243	5	83	21	386	133	
10	4	7	12	
21	203	243	133	
1554	2345	14668	3594	

421	5	3	3
43	272	48	350	50	63	278	307	444	189	427	237	
12	10	2	3	
237	189	272	48	
1831	1366	1720	2206	

421	5	5	3
155	28	58	92	412	123	403	445	345	207	126	298	
12	4	1	-99	-99	
298	92	155	263	462	
2220	16548	6022	3802	23744	

421	5	12	3
449	173	476	244	260	437	147	34	335	358	55	415	
12	11	-312	2	3	4	
415	55	181	173	476	244	
2026	2775	14668	7459	631	4801	

421	5	15	3
136	24	187	149	300	346	329	322	365	474	2	112	
10	1	3	8	11	7	
474	136	187	322	2	329	
2199	1165	1117	6584	5044	8964	

421	6	5	3
106	109	36	356	432	153	160	448	38	435	344	256	
11	12	9	-103	4	6	-106	
344	256	38	149	356	153	154	
2178	2060	3080	2157	3046	1741	9977	

421	6	10	3
445	1	405	56	60	462	198	63	339	73	443	174	
12	-201	11	
174	470	443	
2060	19720	5224	

421	6	13	3
203	441	93	406	34	37	349	244	121	201	83	168	
8	12	11	
244	168	83	
2879	1588	2449	

421	6	14	3
235	47	173	433	376	33	477	122	469	167	372	287	
9	6	
469	33	
2275	28941	

421	7	4	3
181	249	139	351	228	91	77	100	90	179	131	281	
11	-99	9	
131	481	90	
1790	5190	18866	

421	7	9	3
162	66	434	13	135	180	439	429	277	171	393	282	
11	9	1	2	6	12	
393	277	162	66	180	282	
1269	1630	4808	4197	28442	2914	

421	7	15	3
296	56	209	278	254	367	177	241	23	68	255	204	
12	1	2	
204	296	56	
1693	3726	1332	

421	8	3	3
207	168	396	44	134	143	102	415	151	285	81	150	
11	10	12	-99	-99	
81	285	150	481	248	
1422	1554	2171	8375	26485	

421	8	7	3
440	305	393	359	339	14	59	318	15	416	260	280	
3	10	11	12	-99	
393	416	260	280	481	
1165	1852	2588	1783	30037	

421	8	9	3
33	146	141	366	427	385	283	311	261	362	191	249	
12	11	8	-508	
249	191	311	344	
1922	1804	2324	3837	

421	8	12	3
70	407	240	79	282	110	403	142	93	104	266	381	
12	2	
381	407	
1498	2449	

421	8	13	3
401	209	395	387	66	45	63	466	432	405	284	428	
10	11	12	
405	284	428	
1457	2088	3740	

421	9	3	3
399	96	248	246	161	403	35	423	362	86	160	170	
12	11	7	4	
170	160	35	246	
1838	1713	2206	13294	

421	9	7	3
475	378	414	428	304	467	209	129	54	315	452	321	
12	11	7	6	8	
321	452	209	467	129	
1242	1700	1588	8375	4454	

421	9	10	3
140	46	93	395	20	1	189	100	23	95	22	108	
11	12	
22	108	
1831	2282	

421	9	14	3
386	162	373	81	415	261	243	232	368	236	135	404	
12	6	8	10	5	
404	261	232	236	415	
1505	1783	2449	2046	1623	

421	10	3	3
138	410	434	229	155	131	174	468	327	95	308	349	
9	11	7	4	2	
327	308	174	229	410	
1928	2275	4628	17825	10907	

421	10	12	3
274	253	413	275	186	283	224	124	406	276	190	433	
6	1	12	9	
283	274	433	406	
1838	1935	2026	2414	

521	1	3	3
355	301	126	75	127	325	83	174	312	393	338	131	
11	10	12	3	9	2	7	
338	393	131	126	312	301	83	
1103	1401	1457	1665	4531	19005	19019	

521	1	14	3
129	407	157	94	144	446	148	176	96	112	349	68	
12	-704	8	-99	-1302	-99	-306	
68	100	176	481	191	262	304	
1783	1422	1575	16035	12913	7708	12205	

521	2	3	3
438	459	47	323	91	440	259	287	134	135	163	443	
1	2	3	5	11	12	-99	10	
438	459	47	91	163	443	207	135	
985	902	1096	999	3871	2754	2386	33472	

521	2	8	3
278	71	59	455	270	441	60	390	168	80	44	147	
1	2	10	3	-99	9	-710	
278	71	80	59	70	168	50	
881	895	1082	2386	7597	9554	23501	

521	2	10	3
434	339	150	82	23	69	262	209	290	348	249	16	
1	2	12	11	-703	-611	-410	
434	339	16	249	47	81	171	
964	1394	1443	1609	12607	5100	28337	

521	2	13	3
68	468	169	28	184	299	107	385	162	142	411	373	
12	11	9	2	3	-99	7	5	12	
373	411	162	468	169	481	107	184	373	
1013	825	2477	1158	1471	5551	8347	8340	21066	

521	3	4	3
256	129	103	31	124	12	257	147	165	268	409	358	
2	3	4	12	-109	11	-203	6	5	-99	-99	
129	103	31	358	80	409	187	12	124	10	184	
624	936	1346	1366	3150	2511	3871	15515	5696	11428	4281	

521	3	6	3
466	275	178	14	330	353	48	386	364	397	319	18	
1	2	-99	4	11	6	-99	
466	275	481	14	319	353	60	
673	950	1859	1339	4524	1450	44401	

521	3	10	3
72	367	223	64	277	9	321	133	333	237	347	224	
2	3	4	-301	-111	
367	223	64	191	326	
888	964	1394	1373	1804	

521	3	12	3
68	262	345	62	417	309	248	233	153	411	480	56	
1	2	3	4	8	-99	-99	
68	262	345	62	233	479	481	
291	874	867	881	1200	3580	32730	

521	3	13	3
283	164	176	300	144	302	168	450	61	244	260	331	
11	9	3	12	-108	-101	7	
260	61	176	331	233	68	168	
326	1047	1082	950	1117	25000	24778	

521	3	15	3
313	381	77	214	385	118	458	425	264	351	324	82	
9	12	11	-99	10	
264	82	324	481	351	
1269	1075	1464	17867	1297	

521	4	4	3
109	104	173	15	269	14	334	250	251	120	287	315	
1	2	3	4	11	12	-99	
109	104	173	15	287	315	154	
277	839	1020	1165	3594	1360	46434	

521	4	7	3
260	180	408	202	41	49	276	47	392	265	162	376	
1	2	-605	6	-99	11	7	12	
260	180	21	49	481	162	276	376	
194	867	929	950	929	16424	6022	27755	

521	4	12	3
426	368	229	73	32	259	248	411	76	341	199	470	
1	2	3	5	12	-99	-99	
426	368	229	32	470	304	481	
242	888	943	999	1179	17589	12253	

521	4	15	3
176	283	141	166	62	288	446	67	219	223	211	167	
1	2	3	12	10	2	
176	283	141	167	223	283	
444	860	1346	1616	43402	9193	

521	5	12	3
418	13	420	373	288	384	335	123	211	116	315	386	
1	2	3	4	-101	11	2	-99	
418	13	420	373	28	315	13	318	
97	1096	562	1179	1040	5884	3018	45733	

521	6	4	3
65	163	145	220	320	169	34	388	45	291	384	214	
1	2	3	12	8	7	
65	163	145	214	388	34	
340	1082	1394	1033	1304	1304	

521	6	14	3
472	80	417	237	289	454	314	480	309	435	303	58	
1	2	4	3	10	-99	
472	80	237	417	435	481	
124	832	1228	1020	1804	46316	

521	7	5	3
259	145	142	4	134	334	67	19	454	11	74	116	
-99	2	3	5	11	6	-205	-208	-99	-99	-210	10	
481	145	142	134	74	334	173	432	313	468	471	11	
76	818	943	1318	2810	2636	2636	6008	3143	16396	1290	6286	

521	7	10	3
41	324	179	299	311	346	401	109	222	84	53	399	
1	3	4	-99	-110	
41	179	299	481	140	
388	777	1172	6446	33084	

521	7	13	3
344	88	300	16	69	268	464	327	400	420	132	269	
12	1	2	-99	4	10	11	-99	-99	-99	-104	-405	
269	344	88	481	16	420	132	305	304	481	369	341	
638	825	1006	2518	763	4371	4884	9471	3587	4766	770	20816	

521	7	14	3
358	130	66	24	355	449	338	288	478	389	462	291	
1	3	2	7	-99	-408	-99	7	-99	
358	66	130	338	481	109	481	338	481	
55	825	1366	1360	1477	13301	14911	4128	20448	

521	8	5	3
176	92	251	381	35	333	215	104	156	331	87	211	
1	2	3	5	11	-210	
176	92	251	35	87	28	
173	957	1117	1235	1366	54580	

521	8	8	3
21	455	324	301	254	170	55	307	281	316	62	229	
1	2	3	5	4	6	-205	
21	455	324	254	301	170	275	
305	1297	1831	1582	1811	5426	10623	

521	8	12	3
305	122	480	298	299	47	409	352	283	465	164	230	
1	2	-99	5	11	-99	-1003	
305	122	479	299	164	481	319	
437	1255	1387	1540	1762	6786	19366	

521	9	3	3
382	140	321	322	185	155	289	303	409	444	210	296	
1	12	-99	-102	3	-99	8	
382	296	481	288	321	46	303	
666	1651	2726	2546	4787	19421	8437	

521	9	6	3
418	90	53	227	63	207	419	336	98	8	69	115	
1	2	3	4	11	-111	
418	90	53	227	69	342	
374	1193	1117	1464	1457	19491	

521	9	7	3
367	317	7	3	176	32	372	121	21	237	253	170	
1	2	4	12	8	5	9	10	-104	6	
367	317	3	170	121	176	21	237	227	32	
1013	1533	1575	1831	1713	4621	17173	1533	9665	10685	

521	9	12	3
95	38	259	436	217	427	298	20	37	400	281	376	
1	2	5	9	6	-99	5	8	2	
95	38	217	37	427	481	217	20	38	
381	1339	1588	1311	1665	2969	9894	8826	16070	

521	10	3	3
41	12	123	86	198	229	378	64	30	174	452	271	
1	2	3	5	4	7	-99	-99	
41	12	123	198	86	378	433	472	
1096	936	957	4440	14980	1137	10040	13162	

521	10	7	3
287	112	243	124	29	325	266	431	240	59	270	178	
1	2	7	12	5	-99	-102	9	
287	112	266	178	29	268	36	240	
652	1026	1498	1144	1339	5370	8166	25236	

521	10	10	3
239	418	346	142	459	256	480	297	436	241	120	26	
1	2	3	12	-99	12	-802	9	10	1	-99	
239	418	346	26	348	26	37	436	241	239	481	
610	978	1498	1505	1838	7153	1304	7826	15043	4954	12240	

521	10	13	3
94	283	401	341	78	356	128	471	133	118	60	379	
1	2	3	6	-99	12	10	-99	
94	283	401	356	481	379	118	481	
638	992	971	1311	1429	1401	4988	41597	

521	10	14	3
440	319	308	411	11	293	460	369	415	152	263	244	
1	3	2	-99	6	9	-111	8	-99	
440	308	319	481	293	415	60	369	481	
756	1117	1554	1727	1804	1339	17617	5752	6411	

561	1	6	3
77	439	390	191	123	115	187	93	260	145	456	141	
9	10	-99	
260	145	263	
1595	1429	36803	

561	1	8	3
140	464	43	175	262	458	241	289	214	1	343	393	
11	12	
343	393	
1547	1228	

561	1	9	3
19	65	32	190	447	476	48	71	144	81	413	384	
4	6	11	-99	8	
190	476	413	481	71	
1706	2206	1332	9325	2851	

561	1	10	3
204	257	388	409	171	228	202	51	471	437	108	111	
8	6	4	
51	228	409	
13211	1915	13565	

561	1	11	3
356	422	27	152	239	67	275	379	256	383	16	68	
12	7	1	
68	275	356	
1873	5280	33833	

561	1	14	3
50	20	154	35	342	435	248	303	66	113	226	454	
10	12	
113	454	
2220	1734	

561	2	10	3
304	119	315	314	429	381	382	393	112	362	243	100	
7	9	12	
382	112	100	
2005	2130	8617	

561	2	13	3
12	229	110	289	196	418	28	55	246	162	367	258	
12	7	
258	28	
1741	3413	

561	3	3	3
369	78	477	55	291	168	409	185	165	184	112	162	
12	2	11	
162	78	112	
1700	1956	4662	

561	3	4	3
206	32	52	457	456	468	343	230	29	9	74	47	
12	9	11	
47	29	74	
1040	1630	22086	

561	3	7	3
99	83	21	127	335	28	166	154	43	270	289	93	
12	8	10	
93	154	270	
1172	14300	24965	

561	3	8	3
376	277	116	92	333	353	368	148	412	462	300	359	
11	
300	
1415	

561	3	9	3
351	36	54	133	181	472	325	188	163	391	140	239	
1	12	6	4	10	
351	239	472	133	391	
1713	2678	2268	2005	19907	

561	3	13	3
183	132	179	281	118	258	419	362	279	330	406	458	
12	10	11	
458	330	406	
1117	1922	4704	

561	3	15	3
320	293	438	331	294	100	63	280	253	448	250	466	
-1309	-1309	-1309	
474	474	474	
1512	1269	6897	

561	4	10	3
250	246	224	127	436	37	120	205	377	45	112	337	
12	9	10	10	11	
337	377	45	45	112	
1582	2990	10331	3594	11865	

561	4	14	3
122	203	14	343	245	435	463	324	399	171	51	434	
11	12	
51	434	
1873	1436	

561	5	4	3
232	395	469	188	193	75	54	21	358	192	445	424	
9	8	12	6	
358	21	424	75	
1942	3011	5113	33063	

561	5	6	3
324	94	136	244	263	158	105	246	243	197	97	285	
11	3	2	7	1	
97	136	94	105	324	
1068	3802	1630	28636	11462	

561	5	11	3
155	294	44	449	432	255	362	313	204	423	405	85	
12	11	2	7	9	8	
85	405	294	362	204	313	
1172	1089	11566	20490	2282	15841	

561	5	13	3
341	183	281	451	103	412	447	234	479	210	124	174	
12	5	9	3	
174	103	479	281	
1318	1325	22002	16181	

561	6	3	3
479	89	205	390	239	222	301	127	343	317	100	70	
12	4	9	5	-99	11	2	
70	390	343	239	370	100	89	
1415	4496	4794	1131	1436	4704	23841	

561	6	7	3
457	387	284	465	307	78	314	442	142	203	6	179	
7	11	6	
314	6	78	
1255	1727	29732	

561	6	8	3
165	119	138	341	120	340	184	276	19	321	274	367	
12	11	9	6	
367	274	19	340	
3080	4406	6917	22280	

561	7	9	3
276	103	202	271	15	124	22	218	191	260	74	224	
11	3	
74	202	
1526	46281	

561	7	10	3
392	65	315	105	393	314	59	29	409	345	41	389	
12	6	8	4	
389	314	29	105	
1297	1630	3094	50382	

561	7	11	3
361	72	110	413	256	171	154	346	289	464	418	391	
12	11	-105	8	9	7	5	
391	418	393	346	289	154	256	
1047	1096	6355	18283	1235	6869	11983	

561	7	14	3
11	451	382	363	307	334	195	238	422	287	309	332	
9	12	6	
422	332	334	
1151	1672	11199	

561	8	3	3
265	54	119	164	294	72	38	59	99	445	261	220	
11	10	9	1	
261	445	99	265	
1651	1901	20906	12371	

561	8	4	3
28	203	360	103	353	246	264	472	297	13	366	230	
9	8	
297	472	
1380	14453	

561	8	12	3
190	229	401	188	24	234	467	154	284	480	86	198	
8	3	9	11	7	2	
154	401	284	86	467	229	
1082	922	1013	985	9506	3698	

561	8	14	3
219	387	174	322	258	338	477	211	259	56	441	370	
12	9	5	-706	
370	259	258	288	
1415	1269	1554	22641	

561	9	5	3
177	26	188	470	80	248	14	247	356	243	249	401	
11	7	12	6	-99	1	
249	14	401	248	481	177	
1318	2067	5627	7292	21121	13551	

561	9	6	3
116	206	8	366	343	194	384	365	268	17	341	229	
11	-301	-308	10	6	
341	37	439	17	194	
1644	1089	2782	8583	22759	

561	9	10	3
191	129	452	133	378	335	295	181	476	203	466	21	
1	12	11	
191	21	466	
1283	1630	44824	

561	9	11	3
240	186	53	358	140	440	67	391	152	235	237	480	
11	12	3	
237	480	53	
1623	1228	46580	

561	9	12	3
423	164	97	62	354	340	266	241	305	175	39	399	
10	6	11	
175	340	39	
1436	4253	31613	

561	9	14	3
425	6	47	193	385	209	392	182	124	451	416	387	
3	6	
47	209	
1651	4517	

561	10	5	3
432	147	431	325	333	368	426	102	463	177	103	135	
12	7	
135	426	
1020	10588	

561	10	7	3
401	196	418	92	473	24	60	349	112	130	284	27	
12	6	3	4	11	2	5	1	
27	24	418	92	284	196	473	401	
735	1040	999	1387	1103	11455	7750	27137	

561	10	8	3
127	327	107	260	133	81	156	42	115	367	246	334	
12	6	4	-99	
334	81	260	481	
749	3066	14328	15459	

561	10	11	3
449	285	174	472	430	360	395	236	84	442	288	47	
12	5	
47	430	
1200	1110	

561	10	13	3
399	126	347	58	259	50	17	255	457	467	23	270	
6	4	12	
50	58	270	
1665	1346	1408	

621	1	3	3
94	414	365	18	164	372	282	251	240	129	245	331	
10	11	12	5	1	
129	245	331	164	94	
1214	929	1165	3823	13315	

621	1	5	3
324	463	264	138	361	409	302	1	101	38	239	117	
12	11	7	-99	-102	6	5	
117	239	302	481	404	409	361	
1103	791	791	20948	18026	5266	2546	

621	1	6	3
410	173	403	88	406	169	98	197	54	107	226	183	
12	11	-110	2	
183	226	38	173	
1380	867	4815	7660	

621	1	7	3
343	35	123	296	437	345	330	349	100	244	413	461	
8	10	12	-104	4	2	-508	9	12	
349	244	461	88	296	35	401	100	461	
1144	2067	1498	3164	10213	922	8243	5974	2504	

621	1	10	3
373	351	426	52	347	472	159	473	201	55	294	150	
12	3	10	9	
150	426	55	201	
922	2199	2664	48224	

621	2	5	3
238	128	470	42	271	381	211	129	304	88	10	480	
4	6	12	8	11	
42	381	480	129	10	
1776	10845	1935	1124	2164	

621	2	6	3
163	190	474	210	145	90	74	226	19	370	113	286	
12	9	8	5	6	2	
286	19	226	145	90	190	
1290	2164	5093	10852	1013	25527	

621	2	14	3
392	176	365	216	2	358	154	344	69	72	355	416	
12	11	10	8	7	4	6	
416	355	72	344	154	216	358	
1013	1033	6217	929	3795	2844	2567	

621	3	9	3
174	442	232	278	64	423	203	97	396	123	118	86	
12	11	6	
86	118	423	
936	1068	3906	

621	4	3	3
274	346	271	333	468	9	183	329	129	55	376	334	
12	3	-201	7	
334	271	32	183	
797	1033	23383	21871	

621	4	12	3
473	110	400	230	419	306	210	25	163	146	319	275	
11	8	-107	4	1	
319	25	381	230	473	
1033	20851	1859	14099	19040	

621	5	3	3
194	331	167	148	285	219	327	221	253	395	59	382	
11	10	3	12	
59	395	167	382	
1096	707	825	700	

621	5	4	3
86	57	80	127	1	108	463	48	149	476	411	244	
11	12	-308	1	2	-211	8	-208	
411	244	238	86	57	319	48	230	
492	1318	2504	3080	797	12580	7847	5120	

621	5	6	3
466	50	296	454	64	166	341	66	143	178	329	456	
11	9	2	1	7	
329	143	50	466	341	
1221	1131	3975	915	36747	

621	5	12	3
181	419	118	93	469	438	414	470	191	20	6	399	
11	12	6	8	5	9	2	1	3	
6	399	438	470	469	191	419	181	118	
964	1082	1290	3053	957	915	3448	2331	1013	

621	6	4	3
170	215	382	70	168	132	257	92	186	72	362	474	
10	6	5	3	4	8	9	1	2	
72	132	168	382	70	92	186	170	215	
922	1040	985	1776	1054	12677	3240	30419	1443	

621	6	6	3
39	270	317	284	97	232	188	297	422	56	80	29	
12	10	2	11	4	9	8	7	
29	56	270	80	284	422	297	188	
922	978	6848	2990	5162	4524	10082	957	

621	6	7	3
217	201	473	88	23	64	392	105	177	427	245	441	
12	7	
441	392	
1096	2650	

621	7	10	3
177	233	16	135	35	28	314	245	129	78	321	43	
12	5	6	10	-99	
43	35	28	78	227	
1068	1096	1075	943	13509	

621	8	10	3
36	113	385	330	412	258	368	314	315	453	304	212	
12	4	1	9	7	
212	330	36	315	368	
1297	1110	943	12094	22592	

621	8	12	3
128	83	296	364	323	462	251	413	131	69	157	127	
1	2	7	10	
128	83	251	69	
3122	1013	30586	624	

621	9	9	3
112	56	131	395	469	110	170	55	400	285	224	4	
5	4	12	7	
469	395	4	170	
1144	811	1360	2511	

621	9	12	3
403	297	193	456	310	133	158	462	319	271	471	111	
9	12	11	1	2	
319	111	471	403	297	
1619	919	1104	7547	6519	

621	9	13	3
426	248	225	174	182	78	351	465	404	405	444	390	
12	11	6	5	8	7	
390	444	78	182	465	351	
978	1033	839	2130	6342	1998	

621	10	6	3
9	435	411	304	464	97	117	276	378	325	94	214	
9	5	4	10	7	12	
378	464	304	325	117	214	
957	957	763	704	931	2157	

621	10	12	3
403	413	394	315	234	366	282	392	348	202	422	440	
12	7	1	5	-105	8	4	
440	282	403	234	365	392	315	
950	874	992	8957	5502	8846	1131	

661	1	4	3
273	146	84	249	8	393	49	375	265	229	304	100	
8	10	7	-103	11	1	
375	229	49	50	304	273	
1450	1269	10137	10977	7098	1873	

661	1	8	3
398	296	403	285	86	64	309	189	157	217	286	171	
5	6	4	9	2	12	-602	7	
86	64	285	157	296	171	216	309	
2685	1616	1540	6897	10248	5009	9082	5023	

661	2	3	3
234	103	394	108	32	479	405	116	276	45	323	43	
12	10	7	8	9	4	
43	45	405	116	276	108	
1949	1276	2352	6695	10997	4725	

661	2	4	3
422	267	279	111	200	432	82	296	203	135	61	133	
12	8	6	
133	296	432	
2255	3136	5911	

661	2	7	3
71	22	3	412	240	220	202	162	102	297	331	86	
11	7	10	1	
331	202	297	71	
1852	1318	1595	2331	

661	2	9	3
132	33	153	155	480	143	12	308	171	25	113	393	
4	10	-99	12	6	9	11	5	-802	-308	7	
155	25	216	393	143	171	113	480	245	40	12	
1512	1568	3032	1228	2331	10054	1311	12989	6557	3802	6584	

661	3	4	3
3	426	38	263	414	422	231	265	128	158	313	74	
5	12	8	6	9	10	11	
414	74	265	422	128	158	313	
1623	1644	1318	1151	12732	1561	16687	

661	3	7	3
352	255	287	436	165	294	259	186	382	34	47	241	
11	12	6	11	-108	5	
47	241	294	47	48	165	
1394	1276	13669	29503	3087	9644	

661	3	10	3
126	262	68	253	417	470	376	258	453	356	168	25	
8	3	10	5	11	
258	68	356	417	168	
3844	1248	12920	9075	28837	

661	3	11	3
183	254	50	282	184	21	316	380	105	198	243	19	
11	10	4	5	
243	198	282	184	
1880	2033	20913	19706	

661	3	12	3
49	187	284	8	377	62	150	296	278	220	132	9	
8	3	5	11	
296	284	377	132	
6133	1380	7604	10463	

661	3	13	3
304	195	199	355	242	176	431	60	112	230	208	82	
12	9	11	2	-301	
82	112	208	195	126	
1547	1193	1366	18172	19990	

661	3	14	3
189	342	136	122	167	343	455	467	420	81	327	5	
12	8	10	11	7	6	9	
5	467	81	327	455	343	420	
3330	2046	1928	2969	14620	15681	9075	

661	3	15	3
370	90	409	381	239	36	138	244	106	209	413	108	
5	12	3	9	11	
239	108	409	106	413	
2199	6820	6411	7903	32556	

661	4	5	3
86	347	191	185	245	365	155	152	284	76	36	301	
10	11	6	9	5	-106	8	
76	36	365	284	245	358	152	
1922	1727	1540	2470	16937	6571	7396	

661	4	8	3
476	433	255	479	175	51	153	402	296	100	294	394	
8	9	11	7	-102	10	
402	296	294	153	471	100	
1422	1158	992	8937	28705	9644	

661	4	9	3
179	295	377	110	393	287	309	65	146	404	339	121	
10	12	11	1	9	
404	121	339	179	146	
1477	1228	1901	3975	8166	

661	5	13	3
430	178	405	253	437	195	283	133	225	114	468	480	
11	7	6	12	10	9	3	8	
468	283	195	480	114	225	405	133	
1595	957	9193	9506	4364	6772	5759	13530	

661	6	10	3
224	343	165	468	237	27	405	225	376	24	91	341	
4	10	7	12	4	1	
468	24	405	341	468	224	
1700	1630	5807	15556	28823	2692	

661	6	11	3
403	5	378	80	251	104	279	440	449	68	62	258	
12	2	-1012	1	11	
258	5	233	403	62	
1568	1484	33715	7209	5426	

661	6	12	3
190	455	26	386	204	103	268	87	270	226	78	327	
12	10	-112	9	8	-108	
327	226	258	270	87	440	
4690	5356	10893	25139	4572	8132	

661	7	4	3
76	11	96	370	271	257	48	353	356	220	26	179	
7	11	3	6	9	-104	5	
48	26	96	257	356	230	271	
2997	1831	4531	9533	7146	8937	6682	

661	7	5	3
455	89	264	422	212	364	312	334	279	463	291	50	
12	5	8	2	4	
50	212	334	89	422	
3393	15966	4760	6286	9894	

661	7	6	3
195	457	260	122	394	49	380	292	304	406	191	227	
11	7	10	9	1	12	
191	380	406	304	195	227	
3483	6106	9055	4128	12378	1533	

661	7	7	3
140	197	193	417	408	40	437	316	256	149	382	338	
10	6	1	12	11	
149	40	140	338	382	
3386	2928	11344	10886	22960	

661	7	8	3
97	352	270	143	205	425	99	277	440	219	332	113	
9	-102	-99	11	4	
440	197	83	332	143	
4662	4662	12684	21836	10540	

661	7	11	3
66	307	465	305	224	70	102	273	147	115	303	5	
8	10	-209	12	
273	115	355	5	
1922	5134	33882	9381	

661	8	3	3
288	50	356	273	316	253	136	98	140	264	357	233	
11	5	12	7	4	3	
357	316	233	136	273	356	
3393	3101	1429	1547	5995	11990	

661	8	4	3
184	259	204	156	410	391	199	137	139	440	11	435	
-211	6	-99	10	9	-99	4	-205	
473	391	481	440	139	155	156	13	
10415	2546	7216	1616	1602	12635	2199	17013	

661	8	6	3
260	160	105	310	205	420	87	248	339	27	36	152	
9	11	6	12	8	1	5	
339	36	420	152	248	260	205	
1373	1353	4232	3476	11115	17763	8090	

661	8	13	3
266	243	437	344	323	442	359	194	278	141	400	279	
12	8	9	-303	4	
279	194	278	333	344	
1346	874	763	5322	6300	

661	9	8	3
353	175	281	97	178	414	416	227	167	95	70	331	
9	5	8	
167	178	227	
1429	41473	3101	

661	9	9	3
455	115	361	160	438	194	305	255	154	124	210	430	
9	12	7	4	5	-403	
154	430	305	160	438	121	
3559	1533	7736	1443	2053	35755	

661	9	14	3
406	202	347	171	295	170	211	85	355	32	208	390	
8	6	11	10	12	9	-112	4	
85	170	208	32	390	355	476	171	
2040	2449	5793	1512	2511	10553	8867	18935	

661	10	13	3
272	480	446	438	186	479	249	268	469	114	379	310	
3	10	12	2	8	7	-310	
446	114	310	480	268	249	226	
6168	4045	9124	2345	5016	1373	16493	

661	10	15	3
470	163	406	132	428	52	383	134	27	14	203	317	
12	10	
317	14	
985	7278	

721	1	9	3
167	282	216	271	296	184	122	190	29	9	424	435	
8	12	-104	11	4	3	
190	435	460	424	271	216	
5342	978	5911	7022	10366	21197	

721	2	8	3
192	163	86	132	217	360	212	251	230	142	295	187	
12	10	7	5	
187	142	212	217	
1054	589	6571	9311	

721	2	15	3
321	324	343	272	50	371	221	117	312	363	249	75	
12	6	8	9	7	
75	371	117	312	221	
1332	756	1283	1408	11428	

721	3	4	3
269	308	45	197	195	336	114	370	148	155	458	95	
10	12	1	9	5	8	
155	95	269	148	195	370	
1873	589	3205	3830	763	15827	

721	3	5	3
111	292	182	271	139	110	415	208	441	141	354	363	
12	11	
363	354	
1193	791	

721	3	15	3
277	83	44	225	478	349	233	444	378	183	364	32	
12	-99	8	
32	352	444	
1575	340	548	

721	4	3	3
78	32	119	385	432	116	79	243	237	321	22	443	
12	2	8	11	10	-99	3	7	
443	32	243	22	321	481	119	79	
1554	714	548	2074	3351	2074	8812	16750	

721	4	4	3
187	222	175	120	125	294	168	76	204	169	260	289	
5	-102	12	8	9	10	7	
125	32	289	76	204	169	168	
1276	610	582	728	749	42680	4739	

721	4	8	3
104	170	418	452	80	11	133	327	87	469	181	305	
12	11	9	-508	4	
305	181	87	243	452	
1401	499	11906	19053	2636	

721	4	15	3
328	416	64	221	438	445	455	144	464	8	255	213	
9	10	12	4	
464	8	213	221	
2116	603	499	21524	

721	5	8	3
300	45	194	85	288	374	159	281	382	425	183	406	
11	12	5	2	3	7	-99	
183	406	288	45	194	159	481	
1290	929	21059	2858	21871	6945	1679	

721	5	14	3
176	333	347	441	79	462	70	46	58	442	289	41	
12	6	7	9	
41	462	70	58	
1505	853	36629	4739	

721	6	10	3
116	67	103	105	115	292	45	403	369	303	250	307	
12	11	9	5	-104	
307	250	369	115	204	
596	589	16104	19837	20115	

721	6	14	3
448	361	406	34	344	137	450	146	14	138	122	184	
12	-99	10	11	
184	481	138	122	
1554	1158	1408	2074	

721	7	7	3
206	125	443	78	65	215	109	460	273	233	426	156	
7	8	5	
109	460	65	
1471	1630	6737	

721	7	8	3
317	47	169	58	361	442	99	92	236	214	87	452	
12	9	4	8	-205	
452	236	58	92	117	
1304	714	5495	721	3962	

721	7	10	3
281	148	418	227	53	95	396	252	161	250	392	67	
12	9	
67	161	
985	13468	

721	7	14	3
107	318	145	263	193	199	303	224	405	68	369	479	
11	9	10	-99	
369	405	68	404	
1408	728	2435	5100	

721	7	15	3
223	312	272	154	336	338	200	242	430	205	226	289	
12	11	3	
289	226	272	
895	874	1831	

721	8	6	3
152	251	414	458	72	254	187	349	26	369	76	422	
12	11	
422	76	
1339	721	

721	8	8	3
323	48	78	91	322	332	124	230	176	33	290	355	
12	8	11	5	1	6	10	
355	230	290	322	323	332	33	
943	548	444	1491	423	3462	2692	

721	8	9	3
140	147	297	441	236	247	245	121	219	116	227	2	
11	12	-104	
227	2	91	
1242	457	14744	

721	8	10	3
110	31	354	437	87	13	183	8	278	325	350	457	
12	10	9	6	-207	
457	325	278	13	124	
985	908	610	9707	4059	

721	9	4	3
279	281	227	232	164	436	300	318	140	182	270	371	
12	4	1	9	7	2	
371	232	279	140	300	281	
1353	638	3649	568	589	12975	

721	9	5	3
328	51	388	149	370	379	302	470	466	251	170	453	
10	12	7	11	
251	453	302	170	
1144	811	1783	2019	

721	9	6	3
22	82	327	133	224	126	114	147	246	183	464	243	
10	12	3	5	-103	4	8	
183	243	327	224	388	133	147	
1734	416	3073	2699	3358	9124	10088	

721	9	7	3
335	35	211	173	9	95	264	148	304	210	213	301	
11	4	12	
213	173	301	
1054	874	7368	

721	9	10	3
416	33	93	431	257	97	155	144	177	30	209	367	
9	11	8	
177	209	144	
867	700	2518	

721	9	11	3
80	293	266	83	73	267	234	442	141	444	180	121	
12	
121	
1242	

721	9	14	3
200	108	252	450	336	306	78	58	432	50	26	428	
11	6	-710	-112	-1011	-110	12	
26	306	210	352	270	131	428	
1040	721	992	2178	27734	673	5308	

721	10	7	3
202	170	294	280	111	343	277	80	223	276	65	301	
9	3	6	11	8	
223	294	343	65	80	
1484	659	1443	631	10595	

721	10	8	3
330	260	324	446	143	195	357	403	27	48	230	139	
10	8	6	7	
48	403	195	357	
1061	520	1089	6487	

721	10	13	3
109	254	378	154	361	311	419	169	26	77	104	179	
10	11	5	4	
77	104	361	154	
2976	1186	2754	3018	

721	10	15	3
398	94	422	73	395	457	59	267	152	205	295	133	
10	9	3	-99	-409	
205	152	422	481	13	
3864	763	7008	38461	5086	

841	1	7	3
86	414	112	204	261	190	329	415	478	417	215	92	
12	7	9	2	11	
92	329	478	414	215	
1595	5440	5668	2886	24993	

841	1	10	3
135	480	144	250	115	9	100	271	345	428	401	120	
7	11	4	
100	401	250	
1755	5335	11067	

841	2	4	3
227	141	301	179	337	27	23	205	421	458	361	124	
10	12	4	6	
458	124	179	27	
1477	1172	17804	992	

841	2	8	3
162	344	375	265	279	370	139	398	222	151	356	294	
12	7	11	
294	139	356	
1158	2074	18769	

841	2	13	3
16	426	232	368	326	67	142	171	399	121	257	434	
12	11	9	-1007	-99	
434	257	399	401	481	
1103	5259	3455	39412	9381	

841	2	14	3
419	253	189	192	241	163	214	297	130	475	380	181	
12	-708	-504	
181	94	311	
1089	7181	49563	

841	3	3	3
331	323	262	295	113	215	116	249	56	75	474	457	
12	8	-211	11	
457	249	460	474	
902	12427	11691	1394	

841	3	9	3
459	455	260	418	369	363	158	252	14	245	359	68	
11	3	10	
359	260	245	
1325	5134	16757	

841	3	11	3
214	152	32	445	1	275	218	422	38	165	355	462	
12	8	
462	422	
7778	3164	

841	3	13	3
439	196	310	189	177	135	207	301	290	86	188	53	
10	9	
86	290	
3948	2879	

841	4	3	3
343	147	107	259	79	88	116	162	240	326	48	451	
8	4	6	
162	259	88	
1484	1811	1151	

841	4	4	3
285	170	97	239	384	143	223	294	282	9	157	63	
11	12	7	8	
157	63	223	294	
1436	1353	6314	818	

841	4	8	3
47	105	215	455	14	352	44	256	299	104	103	82	
12	10	2	-303	
82	104	105	219	
1505	999	1006	6834	

841	4	11	3
376	167	148	211	393	87	344	290	388	214	427	334	
7	4	10	1	
344	211	214	376	
1700	888	1006	28747	

841	4	14	3
263	226	380	325	192	261	470	183	335	229	207	420	
10	6	8	
229	261	183	
992	9589	1054	

841	5	13	3
312	266	263	7	236	272	467	379	336	138	160	60	
6	7	
272	467	
1554	9596	

841	5	14	3
149	73	368	256	22	31	18	295	288	5	479	258	
-402	7	12	
290	18	258	
4399	2241	10831	

841	6	5	3
59	239	245	321	24	452	282	341	417	455	212	248	
12	6	10	9	11	
248	452	455	417	212	
1464	1318	11379	4662	13946	

841	7	4	3
177	55	355	311	88	134	228	15	78	286	325	314	
12	11	7	5	
314	325	228	88	
1415	3406	11171	8021	

841	8	3	3
53	307	441	273	77	277	431	174	336	100	39	263	
12	4	8	11	
263	273	174	39	
2553	7320	1790	13148	

841	8	4	3
192	31	135	215	128	262	102	158	61	50	421	14	
-99	7	5	12	1	
178	102	128	14	192	
4579	1068	4891	2921	17319	

841	8	8	3
367	133	412	45	346	134	88	177	84	260	241	69	
12	11	7	6	
69	241	88	134	
1547	1901	3122	25048	

841	9	11	3
345	44	466	286	102	178	304	206	254	389	79	226	
12	8	
226	206	
1651	7611	

841	9	12	3
222	275	15	328	179	127	48	326	176	35	131	279	
10	12	
35	279	
1693	4794	

841	9	15	3
7	287	354	117	20	27	234	405	434	175	71	250	
6	12	4	
27	250	117	
1734	992	20427	

841	10	7	3
281	125	56	308	154	309	161	202	184	342	372	300	
12	5	6	11	9	
300	154	309	372	184	
1464	1554	1193	1769	18637	

841	10	8	3
208	47	60	403	155	19	472	209	478	400	116	214	
12	
214	
8527	

